0 383 886 777 915 793 335 386 492 649 421 362 27 690 59 763 926 540 426 172 736 211 368 567 429 782 530 862 123 67 135 929 802 22 58 69 167 393 456 11 42 229 373 421 919 784 537 198 324 315 370 413 526 91 980 956 873 862 170 996 281 305 925 84 327 336 505 846 729 313 857 124 895 582 545 814 367 434 364 43 750 87 808 276 178 788 584 403 651 754 399 932 60 676 368 739 12 226 586 94 539 795 570 434 378 467 601 97 902 317 492 652 756 301 280 286 441 865 689 444 619 440 729 31 117 97 771 481 675 709 927 567 856 497 353 586 965 306 683 219 624 528 871 732 829 503 19 270 368 708 715 340 149 796 723 618 245 846 451 921 555 379 488 764 228 841 350 193 500 34 764 124 914 987 856 743 491 227 365 859 936 432 551 437 228 275 407 474 121 858 395 29 237 235 793 818 428 143 11 928 529 776 404 443 763 613 538 606 840 904 818 128 688 369 917 917 996 324 743 470 183 490 499 772 725 644 590 505 139 954 786 669 82 542 464 197 507 355 804 348 611 622 828 299 343 746 568 340 422 311 810 605 801 661 730 878 305 320 736 444 626 522 465 708 416 282 258 924 637 62 624 600 36 452 899 379 550 468 71 973 131 881 930 933 894 660 163 199 981 899 996 959 773 813 668 190 95 926 466 84 
383 0 340 90 684 376 542 936 107 445 756 179 418 887 412 348 172 659 9 336 210 342 587 206 301 713 372 321 255 819 599 721 904 939 811 940 667 705 228 127 150 984 658 920 224 422 269 396 81 630 84 292 972 672 850 625 385 222 299 640 42 898 713 298 190 524 590 209 581 819 336 732 155 994 4 379 769 273 776 850 255 860 142 579 884 993 205 621 567 504 613 961 754 326 259 944 202 202 506 784 21 842 868 528 189 872 908 958 498 36 808 753 248 303 333 133 648 890 754 567 746 368 529 500 46 788 797 249 990 303 33 363 497 253 892 686 125 152 996 975 188 157 729 436 460 414 921 460 304 28 27 50 748 556 902 794 697 699 43 39 2 428 403 500 681 647 538 159 151 535 134 339 692 215 127 504 629 49 964 285 429 343 335 177 900 238 971 949 289 367 988 292 795 743 144 829 390 682 340 541 569 826 232 261 42 360 117 23 761 81 309 190 425 996 367 677 234 690 626 524 57 614 168 205 358 312 386 100 346 726 994 916 552 578 529 946 290 647 970 51 80 631 593 857 627 312 886 214 355 512 90 412 479 610 969 189 274 355 641 620 433 987 888 338 566 770 284 856 417 606 260 849 237 205 59 217 518 945 783 873 458 873 637 289 483 607 478 757 314 471 729 100 459 618 438 25 388 74 233 157 
886 340 0 681 493 358 270 699 417 839 569 363 622 794 173 847 431 462 682 390 292 791 57 115 521 157 574 491 947 951 231 21 537 740 54 30 98 325 81 516 516 2 231 139 796 404 338 580 218 21 970 862 812 379 977 685 536 904 176 483 207 759 857 744 499 911 127 950 236 560 818 105 563 49 244 711 805 934 291 375 955 614 589 768 993 918 805 882 822 982 717 30 93 574 126 593 486 253 543 74 814 713 179 377 762 775 88 919 710 732 294 17 346 235 137 691 153 943 573 328 925 291 710 18 217 836 963 55 90 858 130 904 571 661 633 685 789 73 604 851 805 250 868 503 485 6 195 639 949 120 967 226 763 677 596 981 865 560 36 955 770 518 211 342 532 196 379 321 270 984 172 427 234 40 283 72 398 830 63 347 950 30 573 714 59 522 47 924 82 435 232 204 954 443 898 486 640 278 159 262 262 683 41 848 723 324 272 122 154 335 821 457 365 747 171 776 269 218 701 703 653 933 907 959 728 806 797 720 84 308 334 698 991 376 898 715 52 171 189 559 506 10 16 224 109 539 0 378 109 53 81 114 338 989 426 67 147 223 787 231 532 122 281 875 850 179 590 254 350 131 813 857 494 181 81 603 720 433 982 181 487 415 296 825 404 722 892 551 297 32 134 181 506 415 57 708 595 999 962 297 
777 90 681 0 483 776 154 977 309 587 932 382 21 266 563 860 682 211 685 86 285 930 990 583 314 476 116 820 892 525 528 839 525 490 136 360 618 643 337 928 582 621 310 955 888 225 815 570 437 853 8 722 783 350 657 97 827 126 269 71 651 149 910 528 639 398 888 610 393 577 890 976 199 552 931 87 777 99 657 566 952 17 641 735 368 298 184 195 776 805 266 428 954 528 308 593 278 197 555 672 774 445 0 325 997 283 412 127 382 421 693 334 439 334 421 159 985 957 354 761 762 972 541 716 852 850 662 482 399 217 154 173 15 506 851 364 790 263 491 172 37 537 859 828 871 280 987 856 590 341 970 352 665 511 69 517 361 83 351 112 300 506 638 667 364 489 32 154 104 875 679 141 412 538 969 636 170 956 844 760 649 814 465 314 326 886 183 39 969 535 152 621 393 790 289 109 631 673 264 735 548 295 877 313 833 198 949 355 155 793 468 156 960 933 823 286 171 358 677 140 245 181 761 990 323 50 100 954 75 364 42 624 659 919 289 844 469 238 551 976 383 19 133 343 304 956 981 475 666 11 967 912 192 729 902 868 131 2 174 207 718 216 183 377 487 472 573 957 62 125 933 797 496 418 141 153 726 474 980 393 485 948 305 30 29 559 898 160 562 424 719 280 641 902 10 480 726 583 789 140 
915 684 493 483 0 708 723 938 557 493 431 710 220 905 690 613 391 638 270 421 667 829 671 180 743 95 899 24 88 154 386 569 232 969 710 373 30 433 663 587 279 94 649 499 351 339 464 742 330 86 515 349 915 186 881 11 634 133 387 722 287 773 643 519 742 354 244 124 139 259 63 418 353 712 269 705 404 733 799 734 819 315 435 87 853 669 450 487 802 837 562 89 610 205 960 704 911 557 829 403 816 892 821 522 605 443 579 361 528 378 447 700 45 882 787 899 551 589 386 353 426 948 794 36 506 107 92 417 664 921 820 480 166 994 354 123 437 933 484 317 312 931 17 709 165 156 608 69 745 995 422 171 295 569 559 801 676 652 571 340 925 743 172 91 89 527 566 878 812 50 196 124 333 213 186 499 370 794 568 115 141 342 639 437 263 198 590 939 202 513 631 128 257 804 571 346 683 138 225 495 540 421 972 226 634 158 725 356 952 645 472 446 339 111 883 603 661 825 542 216 339 174 344 596 330 267 294 13 757 519 860 650 292 832 876 279 990 953 635 295 598 107 741 937 570 976 540 584 801 83 800 492 609 496 440 939 763 735 304 873 606 164 523 251 349 751 530 339 704 165 986 302 625 79 591 547 407 484 131 561 919 931 53 528 427 494 819 543 581 123 768 187 639 643 438 988 394 320 680 98 
793 376 358 776 708 0 486 18 752 463 98 695 10 505 179 142 66 98 425 472 978 853 966 797 748 547 272 516 86 912 159 877 900 553 197 932 3 35 951 107 498 49 154 861 906 334 3 325 784 428 797 763 633 115 560 381 14 185 897 100 97 408 329 349 313 879 634 316 914 585 775 765 986 930 626 892 616 629 569 752 409 366 515 395 833 428 776 847 613 26 300 62 786 629 763 100 508 397 416 775 982 544 540 320 826 518 565 794 499 134 546 908 853 62 303 686 842 432 534 807 810 834 869 596 815 984 696 324 382 465 451 716 361 343 37 187 861 602 981 360 88 879 620 941 293 924 628 135 708 162 942 870 996 163 466 811 500 515 487 234 332 290 950 693 633 339 880 494 293 213 854 382 444 475 323 738 751 951 873 811 465 168 681 813 683 499 977 535 14 464 769 346 107 72 391 740 411 623 587 57 836 793 439 281 620 114 371 371 418 596 534 883 764 567 697 800 67 674 335 433 490 457 132 949 529 523 690 292 147 629 349 335 422 140 968 43 255 339 766 25 936 653 260 52 220 957 204 287 983 540 721 826 997 205 127 878 728 169 170 227 798 520 563 221 660 883 616 267 223 382 292 511 35 553 563 608 862 768 895 198 660 968 376 9 173 503 887 254 673 57 481 823 929 396 44 942 280 12 209 855 
335 542 270 154 723 486 0 747 854 366 134 759 281 742 973 401 638 171 413 958 899 422 484 755 661 90 780 71 923 603 0 320 0 942 952 12 504 807 759 358 525 894 117 158 636 90 560 626 614 973 937 865 748 421 620 409 863 400 832 786 4 833 458 356 127 410 368 631 569 128 341 446 374 458 605 10 901 165 989 867 490 926 732 238 699 705 0 562 457 832 348 461 17 807 169 497 569 538 128 139 18 470 585 392 280 542 754 533 707 743 400 550 21 485 788 720 190 140 634 647 325 983 461 694 142 630 191 63 520 320 554 538 142 492 930 422 34 685 308 94 780 708 644 802 545 784 522 87 925 157 735 602 492 548 296 986 530 840 49 51 512 956 589 654 448 872 428 482 557 88 576 337 797 220 139 694 5 14 782 282 523 869 236 15 417 884 353 299 724 754 350 236 710 292 242 158 164 23 641 721 111 569 410 260 790 902 955 147 916 89 781 439 958 17 806 375 901 511 674 978 265 377 566 976 669 161 134 833 536 127 906 999 697 316 260 839 570 567 986 486 8 767 277 966 136 435 693 37 946 719 367 212 96 934 540 117 95 674 950 631 802 208 630 851 525 242 690 447 161 676 934 169 795 563 135 931 351 180 320 297 900 688 861 996 974 401 114 69 428 416 52 582 625 682 433 502 277 123 949 790 
386 936 699 977 938 18 747 0 151 235 960 946 799 447 229 502 628 549 799 528 589 13 876 563 766 990 984 194 759 36 776 384 71 209 238 700 684 539 490 835 775 450 781 926 250 362 428 878 264 579 758 853 944 634 769 711 977 105 257 736 142 34 472 565 595 710 265 632 249 107 467 376 558 601 302 160 963 82 38 227 14 796 433 958 430 554 669 407 659 927 495 801 313 967 718 260 29 335 892 631 443 712 7 353 313 662 513 628 96 551 856 110 699 641 69 481 195 90 889 854 369 736 8 682 704 726 295 733 414 187 364 857 251 724 210 564 738 723 193 834 626 401 945 325 394 366 806 589 456 47 795 826 784 803 860 840 882 155 573 648 695 290 505 946 366 67 863 104 790 408 290 768 161 235 93 555 601 251 144 410 651 291 588 435 447 448 275 681 956 200 329 651 842 834 949 560 901 164 664 43 572 955 811 733 542 256 640 496 859 136 258 510 428 846 297 875 294 924 556 250 125 885 253 319 71 555 880 324 719 896 367 644 203 530 729 746 786 370 594 645 858 852 508 286 698 805 513 344 730 421 947 207 658 200 878 729 107 758 53 179 7 772 175 210 302 904 308 440 626 902 86 485 106 946 123 804 751 637 501 833 410 448 392 69 0 271 150 108 381 556 287 388 328 462 951 983 718 259 423 345 
492 107 417 309 557 752 854 151 0 514 861 182 972 807 657 129 911 294 630 744 57 78 137 126 78 760 628 186 141 184 825 882 865 639 833 848 358 444 623 55 310 485 589 283 644 246 412 555 893 42 300 950 120 789 428 550 549 56 737 42 241 914 924 458 554 109 658 264 554 281 319 216 118 260 499 763 506 263 318 399 305 970 701 777 111 129 328 12 186 417 55 779 683 979 589 237 89 247 853 995 880 524 211 999 784 711 114 643 326 784 42 632 107 96 761 218 225 441 231 763 210 286 894 894 617 835 483 58 82 337 53 315 213 617 314 998 680 780 641 6 564 35 638 23 131 752 242 709 545 825 824 756 463 71 2 80 906 485 491 989 174 544 656 388 161 970 738 841 102 379 848 18 766 838 42 250 942 284 959 488 461 135 596 924 206 598 356 113 435 847 454 962 744 110 702 257 432 440 451 886 171 299 904 289 489 946 539 784 582 850 272 43 986 868 319 192 818 676 657 253 875 463 215 619 925 269 877 709 709 680 595 232 331 500 522 820 446 413 956 29 264 228 424 250 448 744 794 618 772 804 872 647 267 439 619 193 709 848 254 770 528 850 355 859 350 229 31 148 642 988 177 906 568 954 508 369 698 303 987 470 107 211 469 726 3 440 271 64 288 526 186 816 376 541 27 78 122 59 226 765 
649 445 839 587 493 463 366 235 514 0 399 404 23 967 358 532 688 408 187 676 230 294 239 51 372 242 492 644 306 780 522 493 949 898 386 328 976 509 387 202 626 138 958 649 458 668 181 146 428 720 174 658 14 414 62 739 656 554 735 315 334 257 160 635 507 546 964 483 55 703 37 33 842 348 683 300 368 216 446 149 937 621 159 303 387 221 42 43 775 777 710 462 386 870 97 893 417 61 728 824 117 766 858 959 466 893 259 186 109 57 335 46 30 495 702 417 716 96 813 492 874 523 306 260 394 403 506 163 817 234 339 934 352 549 893 818 442 504 5 904 913 692 302 944 187 4 361 256 101 526 748 327 50 54 939 796 809 445 311 626 680 2 912 32 552 157 203 346 661 560 250 927 252 553 871 440 557 584 48 10 111 148 337 513 554 277 661 363 74 324 342 754 326 254 139 878 764 342 225 777 902 827 704 154 380 575 946 290 160 994 300 623 142 990 488 696 619 149 412 693 825 754 448 151 360 587 382 124 929 959 902 183 786 606 337 167 534 636 809 46 630 109 669 125 451 157 173 70 658 585 764 483 339 564 986 52 503 368 176 432 327 430 967 466 37 304 633 571 292 794 617 275 255 638 400 707 147 573 777 157 159 893 992 850 457 978 902 960 347 431 744 26 861 711 492 898 368 477 821 660 
421 756 569 932 431 98 134 960 861 399 0 271 790 287 879 780 687 586 279 613 363 436 124 609 428 974 66 759 229 27 458 660 771 484 873 835 329 124 203 158 945 215 782 88 503 661 868 542 247 500 155 962 936 631 571 717 958 638 476 187 17 934 199 140 770 72 327 451 196 882 610 494 98 392 582 953 53 802 847 652 654 355 614 591 986 538 660 944 528 488 483 545 422 34 37 544 107 365 996 655 247 606 149 697 350 83 2 403 238 850 55 892 205 21 835 191 911 495 488 439 983 323 336 757 358 726 302 465 91 650 120 690 608 622 388 958 57 390 361 295 240 768 540 797 141 375 341 53 223 829 844 558 152 533 316 510 259 970 327 350 972 800 40 580 774 780 538 831 171 899 479 763 19 19 561 512 746 254 917 969 83 762 528 587 295 196 450 554 166 129 256 138 929 296 718 55 429 608 887 600 507 718 715 878 737 628 390 835 882 308 805 317 422 685 257 69 881 707 623 399 836 879 889 118 527 607 173 956 215 412 908 74 130 976 304 219 956 46 55 839 706 212 508 128 897 765 197 130 472 172 529 661 403 418 131 283 377 656 591 944 69 852 370 551 828 26 123 784 72 530 975 779 94 484 259 991 249 809 473 74 981 2 735 737 772 866 20 501 874 611 445 943 815 167 847 643 193 322 780 617 
362 179 363 382 710 695 759 946 182 404 271 0 204 107 396 298 591 8 289 193 817 762 267 150 116 354 887 240 572 259 741 446 223 538 742 38 705 589 682 250 263 814 867 467 921 616 765 865 624 406 58 441 520 325 591 988 679 831 228 251 90 969 697 313 859 791 352 916 732 386 166 995 200 385 814 473 1 579 338 977 337 396 418 857 73 362 845 104 193 425 707 635 746 405 949 605 548 653 873 281 39 39 276 591 777 91 64 130 22 755 108 360 151 526 569 577 240 415 681 433 192 389 69 939 146 370 896 694 23 770 975 414 161 604 5 938 695 421 69 69 176 177 429 680 55 999 257 296 766 938 81 958 679 502 249 825 224 146 872 247 916 847 661 77 451 18 16 498 440 437 568 616 966 349 296 21 348 905 669 466 196 751 777 875 605 26 53 830 172 925 429 88 772 443 518 576 461 886 426 901 323 994 870 289 696 518 662 396 424 332 863 620 435 640 847 392 18 900 222 543 825 4 983 950 447 501 878 908 387 304 162 62 651 32 351 347 902 366 743 326 50 958 298 837 950 498 229 969 398 804 512 576 808 847 878 255 349 108 163 736 764 677 151 415 709 854 114 612 220 210 290 270 168 941 107 471 439 689 440 189 493 304 117 653 151 347 908 852 455 423 941 572 101 92 339 162 946 454 126 519 
27 418 622 21 220 10 281 799 972 23 790 204 0 16 769 789 184 710 249 655 501 290 447 42 783 103 512 788 607 211 696 811 19 471 752 591 924 196 930 87 143 736 565 662 752 334 803 289 396 404 296 897 694 96 292 829 199 156 617 158 367 665 322 386 137 74 977 61 271 908 500 766 996 66 780 749 400 935 38 797 340 334 46 386 430 690 216 982 846 185 492 214 851 814 952 340 241 930 753 864 190 254 630 186 672 762 287 72 697 325 221 389 660 620 776 442 310 992 424 509 529 269 75 380 83 27 720 324 309 474 188 499 80 170 38 752 932 325 176 982 651 398 371 663 370 147 457 32 491 234 541 21 503 616 753 938 996 826 263 305 652 803 157 732 326 195 836 258 520 12 592 523 762 964 538 132 463 348 165 307 582 58 328 437 27 433 375 23 259 990 328 911 146 485 995 472 32 831 82 905 196 675 428 958 639 319 443 454 667 960 761 601 370 441 38 397 875 413 420 486 756 101 398 902 938 745 374 323 929 456 228 125 131 8 435 122 679 230 577 346 190 690 947 913 132 337 310 7 751 83 493 507 536 243 409 826 989 135 149 918 591 377 395 723 738 830 197 417 413 774 116 955 465 415 868 949 753 179 956 856 614 801 715 150 397 476 976 738 611 126 8 202 855 403 277 593 585 475 11 998 
690 887 794 266 905 505 742 447 807 967 287 107 16 0 601 127 306 418 542 174 367 647 353 323 503 967 477 218 469 226 694 446 964 305 924 972 860 779 727 137 725 664 964 736 15 566 215 321 984 109 495 352 757 201 27 260 520 856 831 990 82 525 788 46 183 712 370 43 491 449 532 216 466 497 304 481 63 871 154 399 981 1 751 90 202 131 702 75 987 533 65 70 411 205 468 946 917 191 989 760 992 873 329 458 370 633 291 785 857 797 537 190 799 288 280 353 771 334 428 759 220 845 181 983 50 1 929 319 192 270 80 537 143 409 347 866 394 639 3 603 788 540 793 587 181 425 941 952 112 721 63 332 567 244 315 969 246 244 289 790 514 721 327 9 130 675 875 876 666 231 480 454 771 625 42 304 403 335 257 515 56 672 847 975 917 514 945 163 758 586 953 624 307 281 633 789 308 861 17 974 92 849 428 215 475 822 872 230 157 481 745 566 153 592 541 70 458 838 585 216 424 539 192 83 172 177 872 832 38 242 806 482 91 586 50 918 409 922 148 918 755 245 484 908 189 378 979 647 216 564 215 993 455 407 76 979 585 301 811 975 895 969 810 986 556 212 257 317 486 757 235 241 3 72 149 192 450 480 840 18 397 55 11 204 815 440 184 400 93 347 727 988 317 537 974 873 101 583 190 587 
59 412 173 563 690 179 973 229 657 358 879 396 769 601 0 341 777 828 696 201 330 888 3 810 80 22 559 136 385 764 303 177 300 55 270 647 782 258 964 672 585 837 773 168 379 361 861 509 189 557 710 519 446 66 682 878 88 241 366 825 357 669 3 657 724 625 305 507 884 269 531 469 459 304 989 190 665 851 51 207 408 762 78 206 828 760 85 268 354 451 445 711 121 800 369 845 426 26 704 662 295 235 131 106 540 120 649 557 323 700 116 732 814 195 290 642 307 375 262 13 179 60 77 300 860 446 497 638 824 554 300 471 789 431 578 681 904 579 591 227 279 707 311 94 254 602 88 914 329 703 279 508 763 356 160 975 154 10 614 978 564 914 450 353 698 380 387 954 959 978 533 238 37 845 684 644 799 773 558 128 828 837 989 591 546 149 918 700 159 532 679 723 799 129 429 497 509 816 803 820 146 336 58 183 533 95 827 332 220 737 813 48 927 802 991 473 303 909 525 463 442 204 538 593 685 319 442 546 487 245 366 633 581 777 169 115 872 348 799 92 438 612 140 365 414 131 190 70 392 715 533 186 272 423 779 957 95 221 504 582 818 222 568 752 999 89 219 871 789 18 315 227 983 455 944 749 938 134 819 683 202 704 869 474 128 649 783 223 222 639 157 393 862 725 145 213 166 364 437 956 
763 348 847 860 613 142 401 502 129 532 780 298 789 127 341 0 734 752 183 717 560 480 467 850 966 286 533 168 991 403 994 471 404 778 46 978 417 555 371 279 633 868 493 799 584 282 755 319 34 291 388 594 771 207 797 89 494 330 258 837 85 604 660 489 382 58 820 800 613 191 431 246 412 276 46 996 558 153 667 945 444 56 891 567 263 688 9 109 19 619 298 456 223 958 298 606 16 118 758 982 661 541 228 73 818 626 70 728 780 737 673 576 145 565 496 409 253 505 870 624 124 169 433 347 127 731 305 496 849 63 478 510 957 58 936 775 685 358 503 465 447 529 41 593 94 537 354 699 394 224 676 518 745 109 218 225 192 523 721 41 939 551 903 896 609 191 23 294 549 878 111 997 759 153 590 853 42 296 905 789 872 933 307 618 394 877 843 586 753 916 979 692 467 882 940 428 74 315 723 975 545 834 972 305 339 914 510 734 210 415 523 435 700 182 53 94 60 896 32 813 812 11 857 631 894 149 59 320 816 134 295 361 321 620 666 12 886 177 746 449 944 621 884 645 156 937 91 216 185 124 381 349 487 590 980 381 91 391 53 907 526 701 268 847 673 287 211 559 464 310 8 760 931 244 757 87 533 849 655 718 325 388 67 812 978 399 546 69 791 951 328 669 4 597 868 677 884 79 589 700 
926 172 431 682 391 66 638 628 911 688 687 591 184 306 777 734 0 389 949 460 673 194 218 112 727 419 120 446 96 508 865 260 839 617 806 260 408 110 589 429 114 538 297 792 774 728 381 474 118 330 286 143 876 856 255 604 627 727 402 75 236 619 336 427 236 494 687 644 604 276 73 719 166 722 863 940 451 596 766 921 278 405 64 155 261 671 111 241 399 513 316 987 132 4 414 721 499 101 365 455 730 791 526 896 865 389 837 316 337 603 589 616 8 5 123 622 677 586 215 428 451 883 415 583 888 829 656 739 282 22 194 12 165 721 909 382 462 746 51 800 701 640 768 62 646 243 36 675 829 603 103 280 486 518 215 726 699 872 465 981 246 660 994 763 381 255 145 843 353 196 995 54 189 763 468 835 358 856 510 187 459 965 467 946 483 683 672 534 907 138 515 153 150 509 916 883 764 61 78 469 610 74 524 799 189 344 634 548 201 496 735 660 461 555 958 296 590 631 830 497 121 697 650 623 559 918 506 675 331 584 145 941 10 669 740 200 365 726 100 566 574 835 227 387 742 537 683 332 168 865 829 641 563 831 264 122 749 770 149 81 707 294 22 717 315 115 917 681 193 17 247 768 205 826 155 947 364 191 632 884 56 461 878 971 645 142 445 394 265 595 827 972 889 202 689 205 317 959 886 510 
540 659 462 211 638 98 171 549 294 408 586 8 710 418 828 752 389 0 328 485 630 885 664 786 185 380 977 817 264 385 630 142 709 275 637 154 22 902 101 849 226 991 51 267 548 720 226 786 583 907 271 213 792 287 351 329 667 680 146 932 66 777 426 127 404 63 281 426 317 735 628 543 78 31 811 626 104 389 412 687 296 35 252 441 675 604 770 342 284 917 274 702 46 53 829 450 116 463 229 786 198 857 329 276 888 140 254 992 530 18 31 178 405 284 619 80 240 742 423 876 659 49 931 57 102 760 859 571 575 88 357 773 945 38 401 186 531 655 530 413 673 562 591 79 198 563 159 790 305 582 666 316 984 597 373 86 710 584 9 285 673 718 411 970 757 812 508 288 468 39 701 493 953 644 924 151 559 84 293 864 18 959 532 2 909 257 441 619 842 802 256 515 521 667 837 630 832 346 918 652 385 971 145 690 967 70 841 527 506 486 743 876 445 276 879 706 885 672 677 727 474 286 594 347 953 432 977 137 130 247 789 515 570 287 205 538 709 398 417 215 884 512 91 681 140 322 740 26 346 417 105 821 55 700 168 9 484 498 498 614 745 288 481 316 927 38 206 636 788 975 203 24 487 646 57 628 969 797 654 667 567 111 488 622 811 9 983 647 507 482 613 604 122 94 920 401 484 478 37 272 
426 9 682 685 270 425 413 799 630 187 279 289 249 542 696 183 949 328 0 453 592 296 941 238 354 921 559 151 927 227 70 38 67 693 202 428 28 849 935 510 815 892 984 909 164 385 746 643 774 18 448 366 315 741 957 21 662 868 524 941 95 595 980 515 640 182 943 668 383 231 531 198 123 867 460 639 253 206 282 27 224 731 746 891 824 703 264 487 923 789 428 371 736 760 886 376 942 181 396 678 764 279 876 239 147 336 879 752 894 161 131 119 244 877 362 69 932 627 908 856 768 688 227 504 449 465 232 743 646 980 773 411 260 650 650 759 338 529 511 233 43 994 704 639 224 418 60 156 397 968 364 165 9 943 669 458 760 901 553 759 234 327 522 846 329 524 605 19 54 468 604 449 462 660 440 686 79 501 195 476 469 911 642 830 207 663 640 967 917 194 78 151 873 600 997 202 125 602 573 531 422 178 980 236 838 420 923 917 921 470 746 743 733 740 925 940 403 566 260 320 112 338 823 985 939 820 539 416 774 112 947 196 290 927 785 481 699 60 750 973 530 496 68 615 236 993 556 992 911 168 664 23 858 488 8 149 308 899 565 435 364 512 983 654 791 768 487 843 828 238 816 710 734 236 326 323 581 234 315 493 402 979 516 260 467 877 762 128 776 327 563 140 840 898 147 631 667 634 474 495 
172 336 390 86 421 472 958 528 744 676 613 193 655 174 201 717 460 485 453 0 224 642 558 959 230 884 634 812 118 949 657 872 280 173 484 100 402 246 580 531 574 495 23 766 393 522 397 60 157 224 908 381 218 466 692 449 702 326 613 172 627 270 44 260 795 528 360 550 127 940 81 53 787 104 819 180 627 568 593 136 144 853 869 363 671 914 164 373 592 129 545 220 751 941 480 898 821 192 448 948 484 529 1 271 986 172 803 965 741 396 453 885 249 674 600 272 588 764 645 181 893 542 753 996 483 585 895 657 777 343 605 261 225 959 884 563 131 687 528 224 436 333 110 37 7 710 310 596 827 307 129 72 202 234 69 37 819 964 694 948 307 652 561 532 611 445 95 94 484 975 319 920 308 429 958 668 491 620 264 318 927 745 391 129 979 812 167 150 776 861 98 83 865 659 968 476 104 415 923 940 743 242 861 403 23 819 71 866 439 687 185 718 432 928 848 763 740 367 913 868 580 363 303 446 22 271 274 478 39 197 419 782 439 632 537 814 451 609 681 242 296 218 312 81 498 512 844 590 879 110 458 812 825 113 610 848 385 884 678 776 82 449 910 873 81 447 40 884 56 73 478 353 291 791 786 141 303 982 731 535 444 541 347 270 654 957 470 391 193 148 519 275 598 429 501 679 877 893 916 285 
736 210 292 285 667 978 899 589 57 230 363 817 501 367 330 560 673 630 592 224 0 966 394 990 257 185 776 750 489 759 833 376 203 726 723 473 732 32 943 124 225 444 643 853 394 425 706 425 654 599 341 939 565 736 930 174 921 58 924 762 169 109 138 373 835 213 198 567 245 494 43 823 290 687 28 684 464 734 109 118 685 451 57 602 187 339 776 460 398 52 223 919 161 361 292 348 575 843 915 172 689 959 347 979 998 375 15 462 461 124 932 146 927 989 748 466 681 876 927 431 280 150 350 793 863 995 141 790 190 409 315 879 368 662 210 718 390 225 180 851 701 112 998 981 453 98 447 486 327 374 917 607 876 620 401 92 615 894 882 805 303 549 36 23 212 598 741 602 175 273 805 228 737 803 209 191 254 657 677 581 383 947 540 260 567 293 352 534 540 586 691 843 136 727 867 700 325 960 654 852 234 459 80 971 615 290 514 221 299 544 154 682 491 694 942 410 340 646 944 880 585 635 75 73 714 942 773 391 255 427 243 489 238 323 460 853 965 327 426 264 871 580 947 362 275 241 772 967 240 68 847 825 703 922 898 769 217 23 160 472 802 755 313 40 78 125 246 396 452 672 660 323 253 607 37 880 201 161 847 441 229 46 266 284 320 516 53 889 539 565 713 341 320 26 381 751 504 979 147 956 
211 342 791 930 829 853 422 13 78 294 436 762 290 647 888 480 194 885 296 642 966 0 652 807 632 257 767 669 489 968 831 336 409 60 734 27 697 54 543 750 944 82 668 657 423 988 36 156 91 540 136 238 496 140 398 128 397 165 150 238 133 981 926 894 393 660 921 90 66 464 193 10 898 861 20 321 201 408 829 293 948 965 531 796 457 929 277 206 446 427 444 931 760 370 825 153 30 98 244 449 914 789 811 812 650 831 485 203 239 315 496 539 632 380 336 442 661 613 648 108 392 93 391 152 815 217 305 198 667 901 647 934 690 458 746 692 642 584 896 233 251 744 773 235 124 109 677 786 74 326 246 466 771 989 618 586 558 923 136 226 177 783 160 867 594 258 912 236 842 808 469 445 552 242 681 29 703 358 167 777 36 765 595 807 754 213 746 313 489 882 539 666 18 51 885 612 309 149 200 504 957 669 949 862 264 630 891 319 341 410 449 377 175 44 537 929 610 635 242 99 869 133 117 887 184 354 851 846 504 51 350 813 73 651 675 337 634 918 656 975 328 105 704 503 502 241 785 112 876 27 211 98 513 680 985 697 386 189 895 890 240 245 56 313 897 83 2 531 2 659 858 682 116 562 538 618 804 323 730 32 702 293 482 215 325 468 265 64 657 160 306 249 406 362 915 655 446 917 538 800 
368 587 57 990 671 966 484 876 137 239 124 267 447 353 3 467 218 664 941 558 394 652 0 576 396 482 45 310 20 15 466 343 98 851 46 743 333 261 421 801 878 485 810 39 791 412 797 154 327 452 600 244 342 400 173 90 234 570 400 255 585 867 950 683 718 996 779 51 610 200 205 488 685 367 879 476 779 676 982 458 128 934 703 822 686 228 912 921 798 313 176 735 180 478 771 898 475 550 301 437 750 506 277 787 226 157 615 5 833 598 816 314 532 519 136 219 99 49 492 249 362 20 984 894 498 755 144 325 657 445 762 407 304 392 546 530 549 162 887 734 760 703 48 644 574 537 215 673 938 707 922 652 727 259 546 226 14 42 551 24 487 666 783 143 58 330 673 959 492 913 693 604 616 94 248 191 631 816 216 569 523 491 573 603 750 119 181 116 513 84 140 0 750 924 496 160 254 521 119 98 434 165 702 51 259 302 594 242 118 810 163 994 653 736 597 403 207 778 520 720 862 12 72 965 936 568 125 542 442 597 640 876 762 694 279 373 997 225 967 467 388 130 461 41 218 410 445 425 540 317 497 403 329 569 720 266 490 197 808 932 146 801 160 260 495 440 633 844 17 600 312 405 82 125 447 300 536 244 77 76 561 574 831 890 144 903 508 986 101 669 918 599 470 78 860 965 870 845 810 888 
567 206 115 583 180 797 755 563 126 51 609 150 42 323 810 850 112 786 238 959 990 807 576 0 446 122 645 880 599 92 181 487 688 610 916 249 185 747 492 681 3 352 667 456 21 937 55 491 15 915 457 238 761 267 478 559 741 123 439 692 568 972 180 256 935 96 858 120 195 702 801 198 54 820 654 76 757 62 567 772 977 376 362 90 995 840 1 88 316 793 781 884 765 961 492 700 57 702 172 604 404 325 803 459 145 809 887 902 871 454 27 201 183 741 643 178 582 645 267 250 438 48 134 555 361 978 608 770 681 780 374 437 106 529 896 603 339 135 858 562 590 885 115 125 626 759 303 560 404 922 810 842 970 296 397 683 627 5 453 308 138 828 745 596 709 994 199 48 129 57 963 71 294 78 196 273 189 852 833 593 774 996 787 97 644 537 780 271 894 234 579 32 414 677 628 123 23 180 524 504 589 487 576 884 917 124 157 107 976 342 52 103 690 840 200 335 377 980 606 271 566 538 656 980 567 636 456 590 168 980 94 758 819 22 994 88 147 503 195 475 197 600 578 888 792 130 223 169 463 181 792 29 719 800 10 286 789 466 228 957 798 323 715 617 697 61 705 196 564 253 672 762 205 602 650 997 85 225 518 548 406 662 577 478 463 939 116 252 757 345 561 555 20 277 524 717 690 582 914 255 
429 301 521 314 743 748 661 766 78 372 428 116 783 503 80 966 727 185 354 230 257 632 396 446 0 187 938 17 392 892 19 741 977 596 259 525 2 273 455 832 736 394 949 340 504 294 902 59 314 531 936 383 221 870 297 828 57 587 197 801 480 568 894 457 164 153 335 519 426 790 351 515 536 652 207 40 946 461 452 612 344 388 996 918 610 645 746 19 233 296 820 65 864 66 522 29 219 209 548 997 351 251 864 888 904 72 928 202 885 732 815 230 472 163 148 82 160 246 101 745 542 273 810 407 339 685 436 910 894 336 260 246 939 124 486 843 548 766 398 434 499 213 16 971 728 164 406 888 410 507 634 305 133 444 712 472 481 500 735 376 188 995 974 127 471 460 323 20 226 73 806 725 286 822 49 366 338 455 606 100 314 592 405 447 389 469 272 870 321 7 246 509 354 220 989 825 32 664 197 259 737 355 984 375 529 33 93 867 840 699 320 155 292 725 602 33 547 226 903 868 233 502 730 939 74 719 117 107 735 314 366 472 22 702 199 551 88 292 771 928 991 91 435 635 168 38 668 715 264 572 936 850 426 666 141 500 737 258 607 472 925 325 944 947 28 143 850 116 435 621 396 778 712 832 414 881 222 434 948 838 358 884 40 784 902 182 285 639 792 244 111 717 570 407 16 598 902 867 66 689 
782 713 157 476 95 547 90 990 760 242 974 354 103 967 22 286 419 380 921 884 185 257 482 122 187 0 840 814 468 553 646 234 786 220 668 86 59 27 323 451 163 225 633 448 865 426 693 976 495 263 384 864 213 638 731 279 328 571 445 796 476 444 30 614 664 50 53 75 429 376 527 593 953 512 393 818 290 86 147 786 701 883 650 914 521 733 545 849 656 343 645 485 787 27 451 451 430 504 879 211 232 758 804 186 270 550 4 561 636 503 699 690 386 701 956 908 786 854 109 794 197 107 279 984 486 83 787 916 939 18 128 172 776 284 358 47 834 714 960 823 570 11 865 956 64 821 216 202 27 326 996 576 785 628 912 271 711 700 540 2 70 20 174 847 304 884 246 491 951 206 666 521 569 531 829 633 704 46 835 732 724 183 308 509 811 221 132 874 273 672 877 343 692 403 542 997 288 788 840 591 994 506 112 915 389 941 548 93 339 735 177 415 919 486 276 82 59 409 957 684 81 186 27 126 589 922 475 877 710 315 468 57 173 932 972 562 226 873 7 917 608 185 333 879 23 961 314 82 370 271 766 804 809 145 930 398 67 405 628 778 72 448 187 245 381 159 159 959 384 166 876 345 351 209 224 374 171 538 456 893 161 574 49 970 72 979 721 491 736 349 621 808 797 808 405 530 968 564 489 352 
530 372 574 116 899 272 780 984 628 492 66 887 512 477 559 533 120 977 559 634 776 767 45 645 938 840 0 731 366 697 82 927 274 809 450 164 617 696 678 192 745 0 616 725 721 107 813 422 729 974 220 537 379 102 857 296 592 562 27 958 259 461 237 885 270 688 402 240 384 80 432 129 80 400 206 154 507 372 576 236 346 148 774 77 251 631 373 195 193 400 505 805 214 742 42 836 782 444 76 518 524 860 0 957 260 206 111 768 930 39 356 276 188 130 354 791 114 727 338 659 480 843 816 46 585 859 882 720 303 311 238 180 171 238 489 784 797 600 904 727 991 260 4 531 391 710 674 857 789 12 516 269 855 685 315 793 544 550 513 199 861 103 731 32 342 220 168 491 172 72 218 516 333 574 47 76 636 722 933 426 734 801 695 942 486 363 87 382 913 600 934 774 55 17 158 749 238 327 240 762 751 459 278 84 385 678 160 22 400 445 448 486 247 495 780 85 858 867 820 123 819 106 897 875 123 408 624 713 87 865 476 838 676 106 923 413 784 435 435 536 881 235 375 480 731 155 917 941 23 737 65 194 195 962 69 319 722 46 32 809 263 860 648 939 967 923 352 103 358 140 640 239 375 367 719 106 522 637 48 897 726 465 444 922 427 513 593 502 911 625 311 174 838 311 113 157 234 818 612 593 
862 321 491 820 24 516 71 194 186 644 759 240 788 218 136 168 446 817 151 812 750 669 310 880 17 814 731 0 310 604 184 685 971 256 144 846 893 544 743 971 9 539 245 788 53 838 290 964 816 954 491 654 265 604 163 500 774 775 445 84 380 629 122 351 885 266 197 130 162 293 454 171 832 699 311 237 538 602 554 706 908 45 712 173 1 875 25 128 2 470 564 382 100 686 86 337 304 635 468 466 280 922 989 465 973 301 54 863 255 608 569 163 5 281 688 359 508 714 839 863 184 403 245 636 90 683 974 746 671 794 213 951 68 554 768 393 855 823 257 462 783 178 977 141 812 666 500 320 380 339 183 916 94 781 905 184 816 879 931 487 25 496 791 445 50 559 838 258 382 95 72 166 274 50 307 86 68 159 758 800 850 294 716 944 427 973 481 243 852 764 731 229 612 522 674 662 81 513 272 816 608 345 334 234 747 993 672 815 152 431 615 354 77 683 298 504 657 131 747 861 895 830 91 859 704 117 522 138 630 146 954 591 843 640 177 590 633 850 405 137 633 372 491 710 408 141 566 417 625 665 630 872 496 73 732 200 191 606 690 173 752 996 764 596 636 294 186 269 144 944 406 129 668 249 839 428 743 405 845 368 70 828 592 918 901 324 471 92 930 161 618 683 158 734 631 794 28 817 416 172 
123 255 947 892 88 86 923 759 141 306 229 572 607 469 385 991 96 264 927 118 489 489 20 599 392 468 366 310 0 113 174 653 134 776 492 562 871 249 760 591 672 588 183 942 489 508 413 934 438 927 904 473 437 638 104 583 667 274 351 191 739 526 845 873 654 689 436 525 291 196 116 963 136 299 257 977 807 23 911 598 950 815 71 739 806 528 322 473 154 26 16 893 552 861 767 206 903 203 731 194 751 847 509 239 498 766 216 306 789 480 256 91 647 679 182 453 207 857 278 361 883 295 255 787 508 374 993 411 929 76 605 680 275 466 271 773 233 487 431 374 319 687 818 967 367 352 772 574 209 51 288 92 698 895 879 206 269 224 618 198 652 575 230 927 42 501 701 627 340 484 353 660 172 523 979 539 876 751 465 85 154 105 530 852 0 761 59 269 338 29 467 990 956 49 918 350 550 971 977 891 455 683 903 979 206 882 870 82 633 688 520 788 793 402 992 146 163 51 767 501 432 235 844 389 636 762 739 187 85 69 430 892 752 333 872 310 215 94 745 200 782 617 340 928 19 333 74 534 736 841 388 169 428 232 910 65 346 1 604 431 70 34 675 174 719 547 485 934 994 582 486 776 199 827 704 218 512 130 104 600 972 492 769 752 76 31 817 422 33 421 205 455 807 881 630 526 780 467 812 774 
67 819 951 525 154 912 603 36 184 780 27 259 211 226 764 403 508 385 227 949 759 968 15 92 892 553 697 604 113 0 49 299 551 600 478 607 818 342 738 274 942 62 767 64 814 843 95 984 266 480 757 823 936 565 704 918 443 485 385 256 611 786 907 514 386 737 122 556 79 212 830 21 274 949 437 440 793 885 424 411 365 182 586 653 99 291 571 542 128 308 798 739 446 57 254 184 794 728 92 873 940 923 247 566 224 36 6 17 921 431 780 639 965 367 292 64 10 216 606 490 876 757 229 675 166 835 859 961 915 952 186 855 227 785 773 451 822 780 821 743 563 953 734 528 672 379 592 34 595 550 524 823 659 106 498 826 941 710 787 857 14 325 64 241 111 838 44 933 618 865 28 533 171 763 61 843 494 5 878 89 907 402 264 567 860 115 745 802 177 884 11 191 209 75 784 672 265 828 605 235 46 986 768 217 101 829 412 595 186 642 36 94 397 652 13 257 767 758 59 944 642 422 135 203 498 271 876 115 100 833 351 146 819 119 715 272 301 479 867 487 122 255 933 519 908 946 776 675 704 188 972 698 610 459 254 460 731 130 576 831 963 927 329 135 398 396 407 699 875 627 187 997 882 120 868 790 67 997 818 123 185 790 174 147 249 428 960 332 910 888 515 225 815 196 360 565 592 120 265 820 
135 599 231 528 386 159 0 776 825 522 458 741 696 694 303 994 865 630 70 657 833 831 466 181 19 646 82 184 174 49 0 747 452 817 981 924 38 124 343 35 942 819 220 84 993 719 685 773 679 18 683 567 533 908 734 730 621 300 322 741 565 494 840 369 664 173 293 702 297 989 737 591 808 309 675 801 380 361 926 60 379 609 979 264 869 714 994 490 366 669 583 283 163 775 652 827 949 297 881 598 286 618 190 94 279 865 247 660 578 173 720 957 782 51 222 4 765 568 494 483 237 430 766 753 205 770 932 506 68 814 105 706 784 295 801 64 512 400 724 91 574 796 400 708 847 974 712 965 543 559 448 132 341 567 237 898 337 170 405 757 984 510 464 768 157 617 184 669 17 908 112 943 56 513 652 256 487 716 221 30 627 21 515 320 588 752 219 278 922 624 35 258 486 499 27 643 116 211 664 486 472 777 429 528 290 433 136 777 502 357 160 481 731 675 802 671 427 21 949 350 997 985 960 483 836 987 126 305 551 790 791 375 919 220 255 209 6 392 339 508 101 499 989 832 174 791 856 953 164 805 655 161 142 616 644 331 955 122 636 506 265 427 233 184 999 489 746 357 881 85 865 982 584 207 167 110 998 23 415 515 180 71 676 675 39 673 6 994 795 642 853 412 421 86 949 772 927 695 130 808 
929 721 21 839 569 877 320 384 882 493 660 446 811 446 177 471 260 142 38 872 376 336 343 487 741 234 927 685 653 299 747 0 780 347 143 716 554 310 178 905 685 593 420 865 16 448 892 407 121 898 754 269 892 607 681 665 45 630 438 973 325 920 781 457 619 276 173 174 938 703 431 623 649 203 841 17 651 733 425 773 632 179 42 876 138 723 542 183 706 332 508 31 604 642 841 223 918 14 749 857 70 532 480 719 735 673 88 387 407 865 160 391 44 554 267 534 277 161 718 335 845 226 367 449 220 208 25 139 574 774 996 996 659 828 67 394 854 156 781 261 21 293 4 418 847 623 952 477 785 22 812 630 601 179 432 821 739 457 960 666 583 308 662 242 489 730 637 343 886 770 956 259 64 312 677 911 935 630 388 72 4 201 55 605 732 487 427 824 944 739 490 879 48 152 474 889 882 111 584 120 233 540 380 297 852 409 561 139 391 949 212 396 502 267 1 235 754 780 411 50 520 901 281 920 53 755 809 288 218 393 760 452 285 492 749 489 254 662 628 645 612 840 41 466 107 395 53 213 175 464 615 47 365 897 319 771 652 128 411 871 873 171 323 510 16 424 999 270 87 980 915 51 820 309 517 280 56 923 845 583 387 461 631 753 358 950 876 10 431 287 233 656 810 908 519 826 333 870 448 772 
802 904 537 525 232 900 0 71 865 949 771 223 19 964 300 404 839 709 67 280 203 409 98 688 977 786 274 971 134 551 452 780 0 850 716 823 23 25 692 655 81 615 500 664 355 313 647 460 23 950 336 386 733 975 619 389 785 528 908 964 213 131 764 985 981 480 160 4 505 204 11 938 820 512 955 527 177 602 987 201 552 323 587 285 298 206 27 435 86 287 751 299 418 516 636 752 996 796 108 854 1 120 792 173 984 99 700 161 702 39 362 606 362 949 244 12 508 623 447 594 262 199 894 33 67 530 785 63 679 893 269 32 13 414 557 997 513 609 511 567 648 873 174 10 175 770 374 683 745 821 629 7 372 875 40 439 406 177 855 437 71 124 469 436 538 378 786 404 987 297 971 635 522 497 997 697 267 371 732 364 544 362 724 269 589 764 708 995 942 915 784 365 392 605 801 282 983 587 686 970 236 658 957 759 155 954 808 775 677 893 139 222 255 215 491 196 980 551 192 274 819 328 639 211 934 792 845 917 380 532 240 968 190 197 727 697 504 536 472 533 429 964 107 36 179 598 232 511 502 776 137 673 105 776 236 391 921 81 308 653 613 548 621 155 746 349 205 602 237 29 135 18 993 243 406 525 193 990 388 47 767 526 720 224 654 956 615 927 390 275 580 355 824 202 511 922 551 716 876 140 
22 939 740 490 969 553 942 209 639 898 484 538 471 305 55 778 617 275 693 173 726 60 851 610 596 220 809 256 776 600 817 347 850 0 745 11 158 91 606 916 968 800 906 708 199 25 586 920 249 593 228 216 520 970 844 101 326 668 303 189 942 206 257 170 698 354 181 208 445 140 124 765 940 30 826 139 56 412 411 657 5 992 226 878 962 70 979 640 90 634 829 32 840 86 202 538 441 735 98 238 875 222 356 167 252 182 659 660 946 70 670 952 414 896 830 729 966 161 369 56 795 199 440 987 637 994 877 78 729 975 669 957 197 25 124 801 207 783 462 505 206 132 809 972 380 991 701 346 152 71 754 947 622 194 934 259 188 811 338 269 138 359 226 335 384 703 137 943 486 951 448 44 435 258 17 815 249 718 161 754 141 915 53 763 461 988 23 649 151 713 918 290 72 497 977 808 200 114 751 38 417 551 83 852 161 452 667 411 170 180 517 664 447 570 427 908 910 802 909 62 867 180 704 939 677 33 99 229 500 850 267 917 754 702 122 915 154 141 678 677 322 195 341 121 766 120 382 676 923 643 90 790 823 146 82 852 180 181 81 680 384 701 597 138 403 71 53 910 213 732 587 887 927 928 360 693 48 742 722 323 386 812 114 561 959 548 414 139 729 847 171 113 548 120 251 304 192 657 214 405 
