0 67 270 217 344 536 996 919 784 161 678 157 110 982 744 800 98 142 23 523 106 122 963 227 659 407 657 473 245 656 470 411 75 91 979 418 626 974 689 762 486 366 918 595 699 661 746 796 802 121 670 260 594 632 838 252 39 495 77 635 502 546 45 576 636 375 346 613 700 34 374 185 751 643 131 449 656 229 596 809 349 617 68 294 249 906 546 639 752 974 273 253 519 669 181 506 395 878 470 94 263 196 630 13 838 112 813 493 340 760 302 40 376 721 334 976 626 231 614 729 204 238 982 74 906 514 579 300 391 400 745 653 595 374 17 433 838 829 277 177 588 930 569 315 651 254 291 628 484 256 357 687 846 690 112 751 203 690 403 945 441 499 597 36 225 965 820 62 793 96 590 732 378 158 398 380 411 40 7 246 296 715 284 141 756 395 243 958 436 997 254 877 496 202 264 720 166 83 781 310 530 722 393 907 880 791 286 642 182 645 888 477 711 171 969 467 918 564 776 353 560 30 229 407 583 492 126 749 926 258 410 456 980 803 714 211 945 352 852 478 348 91 955 58 614 275 876 531 190 652 883 750 33 464 508 615 307 634 715 233 243 477 40 574 279 105 784 575 456 988 52 155 430 358 565 43 985 440 925 174 443 160 275 475 623 783 442 281 768 508 865 362 984 904 936 614 9 71 540 816 
67 0 410 944 971 192 653 535 234 637 326 511 163 769 670 789 595 644 923 388 924 42 896 141 404 231 44 691 197 404 113 736 572 875 31 894 66 684 780 651 672 105 161 834 225 182 975 820 825 897 559 101 291 454 241 46 37 636 736 233 392 200 320 315 74 351 208 139 34 339 790 705 795 302 891 20 484 865 191 660 113 749 760 403 555 352 448 943 340 535 527 731 87 846 45 512 196 604 651 581 942 792 638 88 445 880 459 928 96 649 940 208 750 699 963 656 403 762 950 742 649 476 472 735 321 868 246 869 471 248 449 764 391 438 203 836 317 662 115 412 662 54 620 763 105 934 418 859 47 367 600 695 842 423 429 515 290 27 383 112 626 183 227 17 621 429 204 937 90 670 349 752 76 320 866 532 605 284 390 651 2 989 346 196 411 126 62 52 504 444 163 130 978 389 498 598 169 701 535 611 722 235 714 797 906 579 328 510 862 717 160 216 57 857 763 819 335 824 870 838 619 32 967 596 772 464 194 293 516 80 903 238 666 616 386 571 194 66 432 408 782 943 623 191 800 737 9 134 560 879 323 178 262 642 773 386 457 318 678 973 397 580 562 62 547 299 984 740 364 415 147 498 358 121 688 509 209 696 994 768 926 316 297 188 957 70 925 414 387 602 738 136 533 651 549 79 949 533 170 313 
270 410 0 299 669 810 656 141 849 516 350 896 509 117 822 177 414 361 133 835 285 898 573 238 987 60 770 637 609 200 938 493 369 250 791 37 411 447 178 259 314 527 154 823 995 327 999 760 687 483 946 323 733 519 560 719 930 329 708 538 528 645 382 249 894 173 285 656 971 814 266 284 692 419 106 687 746 456 798 784 291 744 107 375 614 666 93 543 347 152 433 226 796 814 474 41 986 111 696 308 924 961 592 616 732 49 654 829 857 451 612 147 546 70 521 159 736 965 54 434 117 838 659 264 651 133 305 989 243 352 296 518 665 239 485 396 288 490 576 144 941 187 642 838 609 514 997 696 478 402 129 946 239 787 210 241 271 866 229 865 217 877 383 881 115 219 628 754 709 203 249 1 742 890 838 350 403 186 45 233 939 525 530 177 663 91 418 934 956 998 798 173 226 532 405 341 103 33 446 811 587 695 163 328 584 1000 29 339 538 73 923 476 949 804 5 612 895 422 545 850 771 694 374 997 578 779 689 680 163 134 842 749 828 4 429 764 3 457 102 892 530 376 368 830 179 372 441 425 145 337 275 915 31 1000 263 960 130 951 639 292 85 480 393 912 483 821 675 837 277 128 729 158 855 448 988 34 171 428 458 315 765 84 581 147 84 844 106 213 146 744 857 230 575 249 142 409 421 168 245 697 
217 944 299 0 648 325 855 502 772 194 887 942 621 697 608 737 780 541 235 215 736 340 780 881 435 988 111 9 588 604 769 8 123 14 704 770 338 910 272 462 103 158 755 76 854 363 164 986 255 399 552 990 738 683 222 173 670 332 533 257 287 302 264 410 667 320 531 356 229 802 817 684 312 924 759 517 638 922 502 892 320 406 233 410 88 454 934 758 138 818 366 424 471 630 185 137 301 716 493 529 517 661 564 180 584 674 697 573 948 550 464 267 955 696 28 395 150 961 152 287 779 517 62 249 498 247 738 798 962 582 679 830 594 242 362 178 916 58 750 863 959 566 481 914 613 861 308 114 821 811 752 951 679 814 552 529 412 289 326 725 870 356 906 463 950 267 992 865 324 94 79 283 11 911 548 623 771 207 737 944 369 488 894 399 653 445 927 64 85 605 788 306 960 46 121 909 312 464 125 636 909 555 270 919 818 169 894 588 375 630 531 95 469 777 493 474 573 420 889 658 376 29 315 687 74 435 948 385 899 72 372 159 979 641 78 796 161 971 735 535 952 266 629 772 394 474 245 966 893 134 975 620 162 642 306 235 428 253 971 326 677 343 485 655 335 914 802 496 884 536 382 187 153 363 958 546 836 203 864 80 688 190 699 201 831 4 787 259 609 757 936 285 99 772 939 786 37 740 281 272 
344 971 669 648 0 627 14 458 780 376 416 325 211 970 540 290 9 82 340 209 912 344 995 522 952 103 810 588 554 933 878 339 970 617 971 241 595 984 699 374 360 466 51 922 787 942 212 795 23 551 355 935 246 701 808 549 803 617 136 708 902 13 46 871 981 368 111 576 704 161 301 63 978 351 336 764 293 547 910 315 450 264 601 47 964 761 596 119 729 83 826 630 448 224 500 780 943 963 707 646 475 8 708 453 710 44 216 354 942 478 21 743 741 973 790 57 733 737 527 814 171 704 443 970 927 295 750 870 609 456 515 83 815 575 535 877 970 103 230 263 580 250 6 672 223 147 80 307 235 606 120 757 310 915 727 588 209 476 809 817 283 676 899 450 250 786 326 571 888 555 833 819 157 190 490 731 688 570 37 274 527 509 31 836 423 757 776 983 584 584 799 218 259 49 667 860 834 344 430 73 899 615 891 407 156 733 137 196 302 525 469 828 33 851 16 807 607 791 789 542 374 587 760 985 988 778 844 173 122 626 246 372 240 488 130 747 220 266 942 873 142 763 53 175 613 68 981 572 210 770 113 583 708 224 919 47 354 763 220 827 388 817 198 979 304 327 725 876 944 19 100 85 133 152 611 745 571 592 668 780 713 133 715 772 708 633 819 61 395 38 887 134 206 436 112 509 114 189 736 57 
536 192 810 325 627 0 559 836 494 691 987 104 787 910 695 455 689 759 939 403 531 646 388 701 707 782 90 945 268 295 381 379 155 494 567 243 903 477 78 396 167 416 499 954 325 546 760 366 304 698 120 186 695 507 238 401 641 327 698 908 973 430 638 480 275 557 722 177 33 151 924 200 566 423 505 243 320 616 608 975 665 727 161 359 586 750 112 226 429 809 485 401 238 122 880 512 678 953 41 711 103 964 262 21 738 766 263 57 733 222 32 397 300 192 755 885 293 866 462 721 26 946 474 615 68 705 479 745 658 519 807 760 482 68 132 220 185 394 628 917 967 659 313 267 202 420 503 495 285 965 215 663 262 688 277 329 393 755 426 402 273 232 513 107 300 645 678 484 390 305 753 357 964 65 975 165 484 477 11 121 793 578 135 55 265 411 735 9 166 160 410 790 744 275 248 43 919 277 878 308 934 630 664 249 47 990 765 882 819 776 354 611 353 488 17 969 899 104 330 416 263 91 557 358 365 157 752 283 433 630 591 366 611 606 966 9 948 731 891 766 858 244 728 210 732 745 530 982 200 859 397 814 950 953 172 314 461 923 597 894 904 539 611 515 496 577 523 443 659 765 208 516 361 936 77 92 32 606 425 231 465 821 44 414 125 567 79 586 490 675 831 393 565 441 259 61 369 134 503 379 
996 653 656 855 14 559 0 898 63 894 258 998 322 701 381 928 125 963 744 297 6 509 774 573 587 359 414 614 541 806 178 981 65 238 702 550 93 432 447 155 678 57 504 999 109 884 278 586 846 21 882 203 529 655 127 116 365 540 81 905 698 258 238 762 848 291 311 940 722 109 446 399 517 949 750 626 184 27 563 29 48 444 583 928 451 710 395 167 249 475 424 946 733 661 59 932 303 721 871 376 182 668 775 698 616 524 675 799 902 589 179 949 385 113 229 187 822 623 353 423 450 776 720 534 788 131 465 442 851 335 818 384 354 592 434 969 467 460 119 368 49 649 669 433 761 249 619 583 871 323 357 320 99 76 205 238 558 669 680 761 355 497 144 708 440 577 676 258 389 146 977 437 794 997 221 907 245 191 489 468 513 197 139 963 272 344 201 182 12 232 942 367 80 85 74 519 14 102 128 402 599 104 190 745 101 410 651 697 600 139 164 464 687 303 427 310 646 627 491 657 210 432 375 289 517 801 159 882 902 286 635 852 741 824 596 193 585 246 890 536 736 405 999 422 707 425 732 352 403 222 361 964 654 735 252 522 887 762 755 140 47 389 992 140 564 587 684 148 185 925 35 920 330 33 342 36 810 425 740 564 998 452 528 3 538 131 524 425 893 630 564 291 18 555 430 581 494 466 80 678 
919 535 141 502 458 836 898 0 390 466 597 719 851 290 107 660 714 198 575 712 649 102 714 186 585 590 610 477 219 174 767 589 80 549 521 573 14 953 250 403 418 199 474 268 488 932 279 554 129 854 617 129 307 682 314 891 271 276 367 842 801 486 782 232 34 302 805 47 254 406 801 24 604 274 291 92 557 570 997 685 775 613 165 81 294 831 324 917 106 42 758 258 527 891 489 912 192 645 958 798 51 111 173 6 736 463 449 293 384 445 329 510 57 494 591 703 324 266 619 781 307 728 38 186 618 878 97 161 875 407 958 277 517 130 282 252 945 731 896 680 175 225 190 584 718 132 638 393 397 256 173 55 983 562 240 952 791 337 112 665 743 422 941 611 903 223 862 847 305 758 879 831 334 68 766 403 199 403 795 947 658 967 1 992 528 593 943 318 929 55 335 23 828 275 985 730 849 846 929 153 955 807 336 640 874 101 42 424 504 836 370 513 802 370 505 681 962 447 351 242 853 685 616 680 311 600 762 512 798 690 664 104 496 999 96 369 452 137 792 955 973 161 467 126 882 971 159 196 770 509 789 974 545 757 6 207 708 767 718 857 456 734 313 303 84 408 671 535 544 814 489 868 326 308 994 559 630 504 106 751 364 247 77 908 3 82 466 62 200 184 919 7 917 231 309 1000 638 331 887 533 
784 234 849 772 780 494 63 390 0 496 727 401 821 34 746 731 664 249 837 766 612 83 842 871 437 923 336 498 474 871 416 480 139 998 140 491 635 470 377 520 965 103 920 137 137 665 868 152 265 56 917 876 138 111 98 926 33 433 423 859 656 839 338 794 836 478 284 823 299 12 342 616 115 613 752 603 629 971 106 893 26 374 120 515 484 217 440 869 1 863 727 656 53 416 450 240 893 85 414 544 97 107 159 563 719 910 165 699 233 622 943 258 995 62 125 831 630 916 699 631 778 425 638 182 192 87 422 437 524 187 980 620 294 138 534 364 399 50 63 983 671 5 593 17 419 717 847 48 632 545 30 762 321 668 943 513 106 716 949 629 255 280 600 548 417 133 263 167 182 325 150 852 682 742 869 100 810 67 499 441 612 529 554 284 196 849 148 301 916 96 282 170 375 881 69 143 14 332 662 547 656 811 751 689 904 971 140 65 37 639 857 1000 519 411 284 714 259 431 366 174 879 647 696 605 880 764 748 245 95 761 791 103 923 893 791 826 863 283 890 900 921 746 251 791 508 534 856 118 317 221 644 195 220 339 799 99 102 898 343 549 658 485 651 580 378 793 757 592 75 998 843 347 96 94 137 603 979 992 721 295 565 364 841 136 54 640 234 155 889 928 55 547 764 705 478 493 850 235 85 924 
161 637 516 194 376 691 894 466 496 0 232 279 623 679 372 111 282 351 455 354 997 19 69 838 154 122 829 739 628 717 18 683 615 781 739 93 626 588 679 710 864 262 340 486 941 712 596 574 414 50 927 410 420 347 599 925 468 427 663 447 144 32 129 110 813 220 554 790 807 232 851 670 846 190 507 786 901 455 359 666 856 637 76 628 983 674 552 802 101 567 248 596 598 729 57 762 948 611 551 106 194 401 128 391 591 634 176 843 440 886 509 648 874 936 275 208 609 826 9 61 392 609 8 342 337 417 103 636 27 6 741 572 406 868 963 348 854 490 543 645 728 403 292 601 338 566 809 298 744 169 711 487 777 70 828 465 486 283 100 864 288 193 436 45 412 750 393 265 239 287 262 318 689 553 271 26 471 431 675 566 599 385 52 376 455 232 192 292 514 292 156 153 484 591 197 895 692 941 512 930 227 773 600 915 677 870 292 499 300 319 64 898 703 468 625 509 51 817 801 916 460 956 68 943 898 616 189 589 557 700 870 783 824 469 698 501 690 341 351 989 659 767 887 714 234 863 574 636 31 726 551 490 33 970 784 282 585 973 870 141 672 92 924 848 912 973 700 602 665 50 942 676 816 180 741 401 43 314 388 425 392 938 915 424 259 698 706 196 670 927 336 694 18 611 541 282 935 592 235 600 
678 326 350 887 416 987 258 597 727 232 0 641 176 627 809 356 367 209 750 32 597 174 423 886 88 847 497 138 904 692 159 830 27 204 200 990 96 481 924 687 67 875 680 242 853 488 949 219 48 698 251 996 224 25 882 663 871 378 800 774 421 311 956 447 514 155 788 962 987 712 648 53 938 327 646 791 166 595 361 214 644 611 209 867 636 442 530 858 171 681 984 591 343 939 38 209 93 825 170 79 888 169 483 178 848 128 968 13 74 328 578 718 291 787 936 278 228 817 135 399 850 470 989 192 408 378 400 500 555 921 930 794 90 412 971 289 540 290 301 613 618 879 682 260 17 618 537 244 786 23 994 635 493 335 827 900 712 578 752 618 499 681 412 940 445 382 228 984 672 528 948 641 758 982 900 774 951 788 370 736 162 715 371 6 49 549 906 113 126 9 730 976 41 141 915 485 523 494 820 546 374 768 186 131 749 437 257 51 576 978 786 89 692 156 95 93 56 1000 205 534 360 934 509 400 75 776 885 949 269 704 494 994 823 31 477 923 819 85 973 746 62 759 834 105 266 928 197 322 279 401 855 638 687 715 38 761 842 274 61 463 977 906 456 800 288 932 74 106 16 47 203 429 157 36 534 422 316 82 95 594 835 949 584 521 16 621 633 857 246 693 319 222 598 775 373 885 58 799 342 426 
157 511 896 942 325 104 998 719 401 279 641 0 845 544 854 1 931 739 774 246 821 869 192 655 169 775 527 184 747 159 41 992 203 711 565 152 837 290 36 895 88 729 672 932 624 525 284 554 264 57 152 436 277 343 90 446 469 968 629 215 126 21 206 328 732 122 831 920 411 866 166 498 946 837 781 569 362 64 474 977 473 625 412 749 319 853 546 787 820 175 353 945 547 558 624 630 32 454 550 442 671 67 940 968 904 72 888 617 136 361 593 960 338 4 60 8 856 958 795 675 132 147 971 30 57 946 660 88 751 561 881 773 627 172 740 882 244 627 498 731 987 90 690 676 445 101 684 300 58 830 326 541 976 648 923 384 593 582 823 695 494 704 467 472 875 206 354 118 184 851 848 171 941 889 198 385 342 881 37 751 710 714 292 38 362 566 773 306 499 596 1 992 651 467 463 877 25 168 995 208 19 194 730 311 435 928 47 128 160 83 878 222 149 521 259 510 86 383 167 584 978 167 575 980 986 390 857 10 557 851 217 927 396 299 589 182 226 636 309 737 70 187 958 218 707 568 79 145 951 246 728 280 412 655 260 397 44 116 758 952 318 975 231 65 625 819 247 850 454 555 938 876 93 896 93 152 815 172 296 117 417 23 397 180 677 8 577 72 123 334 376 792 660 606 856 284 776 102 485 582 
110 163 509 621 211 787 322 851 821 623 176 845 0 9 423 457 101 670 549 252 836 72 547 953 488 922 349 20 598 356 596 22 830 281 397 621 293 2 476 576 129 930 413 710 290 187 166 742 208 67 346 43 138 244 995 978 165 343 997 115 50 944 136 879 576 532 851 868 885 679 796 13 608 560 75 249 746 240 990 953 658 335 995 148 579 990 125 95 684 473 209 86 768 344 964 695 227 815 563 111 845 710 476 452 269 550 52 14 141 41 318 799 728 312 946 306 653 422 400 689 246 609 774 365 304 737 59 531 903 621 993 747 682 468 550 950 17 601 963 510 994 280 308 721 944 605 378 596 378 777 284 975 737 57 339 41 146 397 923 400 370 915 499 51 383 48 353 751 1 315 612 994 947 919 66 890 875 443 837 252 219 473 578 308 881 916 700 378 665 622 778 386 888 276 436 622 675 788 373 675 455 984 20 753 255 85 994 481 527 830 85 98 654 662 757 535 578 456 912 594 429 41 979 316 316 766 938 991 906 662 17 360 997 389 464 603 473 457 84 352 638 168 801 292 181 557 178 110 12 441 703 792 482 681 107 797 799 396 139 704 57 508 415 406 896 878 8 720 334 91 423 323 610 575 614 143 131 143 252 494 584 955 285 65 987 392 213 785 139 704 840 196 563 254 601 810 483 960 881 168 
982 769 117 697 970 910 701 290 34 679 627 544 9 0 403 304 491 364 878 456 506 361 599 758 854 182 64 139 598 402 882 810 539 20 865 378 567 427 632 519 236 114 479 117 634 881 772 124 244 1 579 102 361 177 859 215 710 274 705 307 675 586 469 213 957 333 591 524 112 574 42 699 39 872 167 672 752 938 147 348 291 726 449 651 254 659 217 316 932 921 622 958 858 442 171 167 127 113 42 238 686 83 288 76 307 455 100 410 744 246 757 34 971 557 37 577 567 253 892 850 526 865 808 735 307 330 901 433 794 942 22 831 377 309 906 683 115 5 92 859 251 201 244 573 109 280 149 28 885 392 229 410 257 36 496 563 717 749 347 510 42 368 340 770 28 598 452 495 954 896 353 204 448 596 129 908 228 629 287 112 21 516 873 277 903 368 191 620 468 537 481 510 256 173 279 635 770 83 129 723 330 481 279 129 429 759 36 8 387 675 119 759 190 343 35 92 710 577 63 178 113 544 39 368 68 317 3 837 751 483 911 80 964 541 208 744 651 596 751 38 270 221 148 459 563 535 902 624 111 965 153 224 860 543 943 927 860 297 115 610 780 377 42 95 918 249 190 568 196 292 957 465 864 105 275 426 639 177 401 101 141 906 324 352 448 619 278 659 267 744 621 46 120 662 492 389 910 681 309 106 
744 670 822 608 540 695 381 107 746 372 809 854 423 403 0 324 617 922 187 73 197 964 711 373 365 164 865 622 839 216 69 457 845 80 724 940 700 121 59 361 965 800 622 997 108 79 321 724 1 507 797 549 823 859 921 539 22 137 160 861 704 580 669 900 659 744 839 358 217 897 70 181 48 692 177 155 770 849 231 122 708 379 670 530 237 942 68 611 78 227 823 133 158 843 32 817 587 870 526 803 119 596 335 166 639 863 673 760 712 903 882 419 281 551 948 869 845 367 831 274 945 5 407 102 848 790 270 786 12 796 940 130 743 274 647 381 136 319 140 847 573 373 617 205 276 916 426 120 282 256 393 226 613 151 328 812 941 597 597 304 744 536 433 486 161 431 218 648 750 710 847 674 82 463 879 709 379 304 828 660 911 573 886 523 75 565 334 367 161 282 670 257 169 454 94 329 885 312 329 986 373 175 659 806 989 889 515 367 544 694 379 455 618 616 329 45 180 663 411 692 296 433 300 465 886 394 145 770 57 473 107 781 647 118 586 988 6 452 354 550 498 84 356 115 699 684 511 230 698 922 274 994 354 573 458 591 318 954 361 374 427 819 154 425 936 92 412 294 543 118 195 392 201 550 859 252 585 369 833 283 290 458 628 995 31 437 586 700 390 298 74 168 468 579 593 404 670 356 49 565 
800 789 177 737 290 455 928 660 731 111 356 1 457 304 324 0 473 595 308 26 144 166 629 80 535 461 714 176 919 341 523 301 129 108 1000 519 757 425 38 224 4 982 979 25 338 379 941 162 973 249 187 468 414 815 548 300 628 261 476 898 954 998 198 434 457 549 304 565 974 342 788 329 323 119 353 660 497 646 174 470 894 360 937 659 527 836 959 154 449 786 403 754 135 600 187 591 148 491 507 473 184 646 801 506 764 154 518 613 799 691 434 44 402 722 702 928 558 660 433 358 445 187 111 579 786 649 521 286 491 27 758 674 673 559 532 788 64 401 400 214 91 185 257 844 907 958 124 816 970 908 173 766 95 635 697 880 283 217 517 126 596 275 799 620 185 682 759 600 82 511 813 524 695 69 368 601 378 491 416 699 398 940 465 492 574 161 724 209 729 240 334 324 866 132 295 402 166 54 1 247 564 813 771 258 233 138 859 611 628 626 309 377 566 125 869 139 285 944 699 14 183 32 689 401 516 984 802 681 37 803 927 600 967 49 209 200 186 419 162 165 45 822 542 962 947 762 452 583 705 151 948 239 182 637 639 49 620 441 729 8 595 8 607 561 56 815 760 594 234 273 758 630 95 651 591 393 412 394 975 468 544 923 707 78 559 345 126 530 137 207 537 83 214 495 644 621 661 755 214 246 
98 595 414 780 9 689 125 714 664 282 367 931 101 491 617 473 0 28 972 875 474 974 817 866 738 211 192 205 106 114 263 535 24 960 661 905 96 219 793 179 432 287 174 52 948 928 618 193 307 941 420 132 914 236 349 651 798 541 208 256 6 470 790 382 429 802 286 877 20 79 55 451 365 580 855 664 859 472 209 518 764 628 649 677 215 998 680 365 538 887 620 895 356 409 276 785 563 562 661 582 640 67 385 356 646 239 372 856 62 580 373 825 207 22 853 773 371 532 137 908 418 756 154 126 517 430 262 79 991 922 12 982 340 396 689 337 634 60 192 47 991 917 223 549 938 428 322 308 959 458 567 729 566 720 854 434 501 467 864 491 388 875 824 79 271 513 767 256 924 958 655 915 874 877 463 163 656 136 822 615 594 740 695 511 812 900 944 312 366 807 803 105 33 978 535 303 842 301 559 118 610 213 32 836 441 846 998 97 334 172 63 927 911 757 789 722 8 732 34 725 890 188 829 922 517 715 577 359 15 135 476 624 699 859 811 139 56 161 235 389 332 649 667 594 405 455 668 764 538 53 488 779 240 668 53 108 382 629 466 748 763 293 372 813 503 534 951 559 694 538 299 25 186 966 619 943 772 638 706 662 690 546 440 281 213 844 388 947 472 206 694 586 498 417 398 353 951 701 911 644 
142 644 361 541 82 759 963 198 249 351 209 739 670 364 922 595 28 0 238 561 21 423 878 991 365 650 628 423 663 317 968 102 597 532 298 984 830 769 541 876 707 39 292 104 391 594 804 653 238 393 213 610 816 91 600 532 92 579 954 754 895 273 207 843 157 504 178 986 625 719 861 331 109 505 786 851 98 942 503 687 334 67 296 501 509 247 33 952 825 338 57 719 611 264 913 767 119 91 104 743 809 965 425 917 469 211 767 566 504 621 253 189 39 900 690 900 147 74 851 971 411 908 42 21 523 954 787 641 44 243 736 852 207 160 120 27 722 886 944 577 858 196 766 897 448 807 148 594 880 998 564 290 257 957 311 131 911 449 124 954 691 859 158 249 370 277 275 444 515 219 372 372 766 137 620 213 295 767 158 174 117 74 464 725 30 126 856 940 926 979 246 617 189 755 217 910 31 492 705 545 62 77 269 179 565 888 744 860 7 901 33 123 974 848 847 356 973 54 295 899 32 892 867 572 646 435 834 29 278 538 925 339 966 193 518 531 433 261 742 439 513 126 913 839 974 759 194 298 813 840 548 196 732 766 120 729 201 953 757 478 842 682 169 808 226 38 690 658 650 431 448 162 908 360 1000 881 471 545 531 635 385 78 830 468 844 301 196 396 253 305 225 95 986 393 254 211 430 943 221 79 
23 923 133 235 340 939 744 575 837 455 750 774 549 878 187 308 972 238 0 725 668 593 632 28 944 865 850 489 395 484 873 472 665 340 667 966 887 62 570 191 639 664 528 31 917 739 461 211 959 891 935 978 835 567 357 779 431 206 267 825 689 491 648 706 830 667 671 68 80 240 259 718 256 786 749 172 876 561 383 186 803 669 164 638 235 520 416 17 726 34 193 766 524 841 471 705 507 141 772 586 733 30 304 988 168 404 511 43 964 245 229 766 914 744 403 500 263 170 517 340 203 709 106 726 901 928 782 407 69 554 345 153 935 1000 140 102 403 2 145 718 247 725 483 160 468 238 659 82 407 527 422 962 236 879 39 488 806 821 247 226 374 591 378 308 942 869 762 344 871 258 413 117 334 895 628 801 484 638 882 243 165 655 204 752 533 594 239 339 414 485 564 139 427 294 799 720 162 560 415 32 169 827 500 502 74 127 654 557 765 887 799 929 542 354 32 426 300 270 764 713 107 680 204 885 973 354 957 486 265 371 518 433 198 369 934 271 496 587 179 612 825 330 892 366 35 923 792 334 544 907 399 2 938 602 239 262 307 195 748 571 565 617 3 114 985 288 384 832 226 915 443 50 244 334 768 630 608 559 964 152 817 362 505 755 315 743 368 973 937 115 543 502 83 545 615 68 184 351 251 409 
523 388 835 215 209 403 297 712 766 354 32 246 252 456 73 26 875 561 725 0 617 694 810 860 379 577 489 339 135 804 490 304 517 994 410 183 737 777 155 25 892 697 526 326 593 493 393 776 843 644 536 459 689 346 670 419 922 510 757 409 666 598 64 182 944 473 365 32 249 871 56 492 568 582 818 160 74 562 288 268 557 175 78 597 520 99 16 794 608 124 554 625 722 969 807 665 441 523 696 41 393 751 885 312 684 702 824 109 615 111 376 172 637 805 120 509 903 135 302 863 259 207 487 332 175 645 996 967 167 43 7 912 793 891 223 829 944 46 937 559 508 313 82 145 469 201 5 372 688 306 586 298 864 72 629 390 717 976 356 235 18 362 146 162 605 721 990 548 118 927 458 978 591 891 474 59 444 478 782 131 783 367 780 998 791 408 387 507 735 742 93 752 455 591 265 59 311 607 959 428 533 416 757 475 659 230 885 102 707 667 584 841 33 363 838 823 122 224 681 856 317 126 959 124 716 575 534 26 181 492 805 713 260 562 539 918 791 424 19 850 442 954 690 474 316 528 649 437 103 681 644 772 806 954 895 873 528 428 898 709 272 55 773 531 968 312 800 110 87 170 959 528 123 1 353 438 528 353 226 982 386 869 753 191 174 999 64 701 427 313 409 50 719 534 580 38 197 731 500 283 
106 924 285 736 912 531 6 649 612 997 597 821 836 506 197 144 474 21 668 617 0 900 810 162 374 810 514 811 337 219 388 671 604 608 423 146 781 422 561 481 200 874 242 249 944 127 180 334 323 262 833 957 513 642 118 886 804 983 48 492 201 435 162 804 42 585 950 174 358 510 654 909 735 247 509 31 373 40 364 695 301 548 3 813 541 120 50 344 103 97 836 655 531 997 459 924 933 760 97 642 269 102 902 356 349 410 386 73 801 101 120 101 1000 122 265 540 242 666 884 696 762 71 350 644 419 808 919 704 919 15 345 188 469 247 895 169 8 632 241 809 84 360 261 83 482 878 622 75 543 857 770 657 927 119 300 698 279 219 401 197 585 97 736 405 695 982 573 703 613 814 863 696 173 475 778 6 352 752 80 247 608 849 903 887 320 554 584 598 124 336 146 709 432 234 113 127 215 38 181 828 851 43 875 375 517 653 381 221 404 460 467 363 661 721 249 980 274 184 929 398 519 74 458 951 307 922 429 522 959 961 701 809 3 575 536 871 579 916 443 334 727 261 697 387 981 297 366 255 833 294 4 351 720 461 653 26 382 433 899 693 393 951 853 747 878 388 970 456 655 412 142 382 673 190 768 5 838 134 611 670 779 614 21 498 426 25 524 808 458 774 852 202 725 704 949 602 444 918 409 98 
122 42 898 340 344 646 509 102 83 19 174 869 72 361 964 166 974 423 593 694 900 0 681 550 479 353 91 247 710 929 732 320 598 510 934 970 8 359 995 883 518 804 656 721 5 732 425 953 685 868 222 446 965 903 995 796 607 438 42 316 366 773 988 963 634 273 933 641 983 279 523 853 82 531 573 438 614 349 743 299 568 964 744 533 218 90 680 825 527 721 492 244 845 831 207 478 103 491 471 86 769 345 938 202 227 862 639 841 211 381 491 778 697 586 662 914 27 341 90 906 413 582 149 609 412 355 87 867 845 909 952 965 253 241 166 480 102 805 320 664 185 162 442 881 747 455 147 125 148 236 30 560 169 179 169 581 885 607 799 82 515 750 46 767 342 212 598 795 16 917 459 552 430 252 785 176 706 931 653 853 166 682 413 335 860 933 267 97 539 417 178 405 166 223 171 859 434 769 653 449 37 111 353 819 362 137 346 420 67 998 272 584 680 36 270 891 320 888 987 858 304 516 614 821 739 137 679 172 257 332 973 645 794 325 463 156 813 809 927 231 806 198 814 485 586 436 728 905 323 714 115 627 230 728 447 320 864 478 843 120 161 815 117 954 491 579 461 655 387 387 885 193 937 699 29 522 486 756 426 808 822 892 786 403 620 585 722 835 62 564 307 222 731 423 527 573 1 988 228 388 
963 896 573 780 995 388 774 714 842 69 423 192 547 599 711 629 817 878 632 810 810 681 0 726 112 932 662 162 960 183 647 716 961 807 889 852 592 291 823 176 12 658 589 927 316 162 657 738 689 230 90 676 809 829 401 920 760 415 434 72 597 432 139 909 238 27 761 182 317 583 709 680 592 298 606 907 459 263 996 499 844 86 526 652 266 927 923 26 693 708 449 289 140 587 198 729 613 310 910 281 244 619 960 188 916 565 94 726 179 442 225 22 527 750 25 792 28 948 169 720 7 617 361 146 203 910 875 167 571 136 447 814 754 406 1 21 323 447 99 501 888 323 875 766 424 899 909 804 198 78 875 205 46 235 702 601 496 576 767 66 64 566 232 817 971 232 190 645 30 288 146 917 962 20 682 385 270 943 188 820 372 63 376 417 649 77 17 145 5 136 562 68 701 793 884 23 25 425 668 54 712 165 323 673 536 356 410 805 298 949 976 669 11 351 438 12 428 454 508 432 941 69 851 641 862 86 16 238 511 683 643 222 847 317 247 734 673 656 890 970 604 866 991 967 216 428 978 995 233 837 426 174 905 276 166 118 714 533 707 224 215 350 445 413 666 691 146 690 698 36 12 302 253 2 268 468 781 597 463 365 433 240 890 689 868 56 159 581 588 865 804 155 566 600 919 584 643 417 273 340 
227 141 238 881 522 701 573 186 871 838 886 655 953 758 373 80 866 991 28 860 162 550 726 0 804 284 641 56 637 260 875 769 856 337 134 640 929 23 329 796 430 487 728 370 703 531 876 269 482 794 852 124 562 476 464 717 760 456 772 748 716 647 517 923 335 2 563 615 376 243 410 806 81 137 527 783 19 402 403 501 547 254 624 461 730 439 177 841 895 301 940 962 947 808 236 633 809 150 248 537 392 9 694 824 498 220 959 516 973 361 368 871 967 344 331 696 782 508 888 28 160 827 341 458 987 577 90 795 726 689 683 470 50 376 293 899 595 603 766 567 964 134 790 930 477 120 977 610 979 216 638 138 394 978 595 380 554 37 527 632 77 209 101 478 585 745 376 531 348 142 450 311 627 239 592 103 710 920 64 689 135 701 178 528 31 125 908 936 513 786 567 589 994 667 67 578 412 442 461 111 935 910 421 561 148 364 15 857 283 79 897 417 131 427 944 161 551 203 449 63 988 15 3 334 34 69 263 797 863 723 907 149 632 679 710 131 42 76 340 324 506 236 740 637 662 35 149 564 590 597 978 929 612 981 262 997 49 877 793 263 599 699 412 583 377 473 713 418 548 52 93 406 640 184 42 653 218 542 217 159 491 194 88 454 174 701 450 575 577 242 837 528 940 600 110 668 72 174 437 972 
659 404 987 435 952 707 587 585 437 154 88 169 488 854 365 535 738 365 944 379 374 479 112 804 0 226 529 729 865 712 770 869 281 663 85 792 153 631 231 606 804 931 55 730 860 648 919 387 939 518 848 606 942 21 394 265 246 922 993 462 985 114 331 266 776 767 409 281 397 639 886 553 569 293 282 780 940 200 518 879 70 365 836 11 386 230 627 983 151 619 797 488 84 127 753 859 245 161 491 642 151 377 546 71 21 827 851 960 379 368 190 448 733 26 810 470 255 436 452 757 406 248 244 489 726 348 699 971 860 190 964 10 566 509 81 586 687 283 897 65 650 87 512 734 464 321 555 70 108 359 826 513 606 422 353 684 121 52 6 981 241 969 342 158 829 774 95 515 56 991 580 58 429 443 143 892 116 50 961 223 408 139 88 365 912 440 48 32 491 53 364 83 373 706 240 201 831 334 68 239 677 647 296 457 441 790 701 556 839 661 131 598 151 218 963 62 9 362 94 852 415 457 934 139 514 174 692 345 859 759 583 887 757 230 344 197 371 44 753 562 56 883 159 207 452 121 620 460 483 65 311 249 522 597 739 387 122 782 731 980 540 665 219 648 894 562 197 617 957 949 178 12 183 336 570 986 809 542 797 643 606 460 243 479 56 333 866 177 115 948 508 6 613 726 654 858 639 850 474 947 
407 231 60 988 103 782 359 590 923 122 847 775 922 182 164 461 211 650 865 577 810 353 932 284 226 0 150 3 311 684 339 880 669 499 773 817 493 379 276 735 857 331 67 74 859 181 22 367 187 634 444 192 843 435 41 669 381 542 671 691 225 361 923 245 859 695 61 351 425 689 437 282 19 856 355 878 388 376 596 926 361 391 117 556 825 509 224 558 50 894 248 626 607 522 870 465 217 283 168 641 971 956 274 341 811 981 218 199 356 165 124 69 556 593 624 732 101 199 289 151 92 889 776 698 410 998 515 978 280 34 971 602 341 244 942 504 224 512 702 932 28 177 1000 583 121 975 667 222 173 955 724 616 195 851 666 605 848 180 934 479 565 904 432 257 148 374 760 371 237 461 654 264 990 5 199 110 979 865 683 503 171 406 119 366 257 784 322 456 315 255 287 231 159 718 487 306 91 247 28 679 59 682 943 400 38 141 862 17 5 544 871 175 302 341 892 558 124 213 365 790 820 651 372 978 369 211 635 811 809 662 490 867 695 432 619 85 572 480 101 928 375 323 454 676 664 346 233 139 910 598 281 729 600 652 706 968 214 692 131 22 706 620 889 400 403 859 836 326 338 936 605 712 611 58 388 274 755 972 412 665 921 44 745 521 696 451 840 909 494 970 931 199 941 171 951 695 29 786 20 718 
657 44 770 111 810 90 414 610 336 829 497 527 349 64 865 714 192 628 850 489 514 91 662 641 529 150 0 74 624 781 684 34 520 957 788 492 720 804 764 764 549 636 811 351 476 71 844 797 353 43 738 875 993 784 255 778 804 972 851 779 753 534 812 272 842 952 115 914 755 231 29 303 866 839 653 341 261 849 490 614 891 579 488 883 362 743 12 517 66 863 296 170 748 459 442 942 762 908 207 517 138 235 171 356 73 176 696 333 24 537 298 914 115 138 148 477 880 511 345 297 373 640 467 473 451 260 766 564 167 972 80 657 206 603 12 630 778 59 314 153 596 612 418 62 749 917 538 980 427 883 276 800 874 742 624 676 1 389 240 520 712 671 528 917 273 539 546 402 949 211 554 544 822 323 606 922 239 495 901 666 729 529 817 955 622 440 982 623 180 221 494 891 244 21 159 868 559 56 270 507 266 175 403 440 498 360 361 736 854 614 753 935 142 569 889 115 360 870 737 539 443 230 781 686 602 291 553 160 346 174 19 612 701 773 51 198 132 763 285 337 376 38 271 869 958 511 984 318 733 72 208 527 654 341 564 255 631 468 767 977 642 785 588 342 909 990 891 40 752 527 728 480 564 351 348 874 213 683 191 945 755 750 471 760 90 34 14 721 854 780 49 495 916 636 188 824 977 78 215 80 
473 691 637 9 588 945 614 477 498 739 138 184 20 139 622 176 205 423 489 339 811 247 162 56 729 3 74 0 604 295 559 520 645 259 393 857 293 935 802 399 684 624 158 774 10 172 846 863 303 894 709 571 881 896 394 209 325 961 288 928 255 847 799 899 457 543 107 749 477 260 148 513 236 657 638 245 180 483 459 483 728 167 53 608 414 798 816 738 110 103 17 364 301 168 614 109 710 721 858 539 332 357 51 567 13 688 811 193 522 621 27 249 139 431 856 552 580 23 289 690 125 658 53 778 825 19 886 886 91 95 424 422 451 474 989 816 513 151 360 34 124 738 282 262 168 137 814 747 159 454 436 636 111 841 765 287 211 650 173 301 97 596 74 547 422 414 714 934 917 425 968 40 162 249 301 329 738 114 428 248 920 215 235 382 55 351 669 617 353 193 917 449 140 343 347 561 756 61 847 672 485 166 711 647 766 12 327 503 477 106 103 396 321 689 778 727 40 798 344 392 990 612 840 129 954 186 42 710 598 888 733 435 405 444 433 170 807 759 25 635 865 127 31 537 167 160 263 558 957 606 949 298 218 140 778 523 678 819 584 627 58 317 61 814 112 493 984 270 604 8 904 820 486 286 356 652 445 970 210 753 928 510 402 145 2 180 19 679 350 603 657 760 919 718 573 30 562 556 299 165 
245 197 609 588 554 268 541 219 474 628 904 747 598 598 839 919 106 663 395 135 337 710 960 637 865 311 624 604 0 563 554 336 48 840 43 52 636 13 613 389 940 122 142 436 123 321 454 153 671 56 810 782 326 879 354 707 440 910 357 957 824 911 292 224 750 335 275 385 699 239 125 638 360 267 425 835 939 878 339 961 286 500 742 963 378 96 670 170 357 26 478 180 936 769 755 37 455 29 774 153 267 250 142 979 516 566 165 807 796 855 767 433 355 509 395 84 604 64 605 960 442 82 491 729 203 246 766 657 626 539 162 245 788 655 575 656 573 739 462 368 593 228 800 299 736 194 383 691 610 339 2 51 421 493 779 623 90 896 631 715 786 144 311 926 799 885 581 723 975 394 90 568 973 241 218 61 786 952 751 395 291 105 797 711 949 928 685 38 823 315 104 609 811 415 534 609 651 466 331 626 859 772 545 183 12 762 243 797 714 346 544 4 450 340 66 398 267 750 787 90 416 890 50 226 656 583 186 307 400 868 932 258 639 828 440 2 941 35 151 654 380 694 9 181 33 74 578 652 175 364 93 591 605 142 816 261 76 2 567 475 869 850 84 860 29 875 861 969 909 363 623 640 56 983 820 441 409 397 92 583 112 184 173 717 677 341 977 752 694 895 226 914 96 661 773 124 535 986 92 444 
656 404 200 604 933 295 806 174 871 717 692 159 356 402 216 341 114 317 484 804 219 929 183 260 712 684 781 295 563 0 348 66 83 404 49 903 196 457 651 287 391 115 822 916 831 498 256 159 601 949 405 178 862 500 838 987 975 372 972 66 167 671 132 250 74 532 504 269 988 154 907 730 268 80 645 450 577 252 960 529 552 364 58 766 215 895 752 189 619 75 255 785 745 738 34 171 269 889 791 608 43 698 689 662 777 334 112 706 585 71 586 489 787 644 254 1 890 5 542 508 431 148 293 175 885 678 345 505 567 488 464 961 537 152 622 665 837 85 722 422 508 308 910 294 303 515 646 192 519 187 700 301 334 344 475 570 21 172 426 939 659 889 899 547 393 521 211 229 957 933 2 464 592 263 109 894 777 755 85 647 293 784 947 627 479 774 548 500 297 974 438 307 214 689 853 958 561 63 187 517 995 540 981 938 155 89 831 931 195 916 930 488 51 228 466 530 1 365 381 297 690 170 603 904 858 455 213 418 870 399 287 216 291 619 154 445 59 984 727 254 251 656 93 654 884 910 183 236 274 915 885 964 84 487 219 294 294 431 63 163 182 349 730 472 967 883 268 26 219 994 631 469 2 723 122 885 632 656 472 905 570 356 220 6 195 438 299 488 221 361 2 402 710 731 225 28 614 492 53 184 
470 113 938 769 878 381 178 767 416 18 159 41 596 882 69 523 263 968 873 490 388 732 647 875 770 339 684 559 554 348 0 837 683 652 838 757 126 74 388 781 546 645 703 901 864 708 95 654 6 934 874 718 935 627 779 18 851 807 983 694 211 166 530 894 817 368 2 942 441 742 75 338 386 777 591 601 484 685 606 841 971 479 910 905 457 689 922 307 495 256 352 705 421 882 950 590 601 304 883 393 45 957 731 782 85 321 382 568 357 340 760 327 170 670 584 627 358 857 285 204 113 637 260 533 518 562 122 470 865 5 862 909 313 944 690 398 264 423 317 973 762 77 299 932 98 882 910 807 91 194 362 203 830 621 735 699 182 209 520 46 565 382 954 877 325 995 626 941 418 943 913 531 371 211 814 468 445 723 626 535 269 987 737 450 607 823 501 141 383 20 186 299 401 492 176 78 838 153 18 607 95 930 138 465 492 303 284 288 26 261 822 646 599 910 95 558 85 595 698 819 967 235 118 719 78 645 796 916 797 165 522 892 446 659 708 938 962 344 577 339 956 399 336 555 660 430 112 96 377 809 915 343 43 32 61 473 676 209 388 472 373 909 715 171 920 775 108 233 470 36 923 425 434 258 979 446 39 90 541 415 250 455 109 645 838 522 117 865 730 504 689 454 764 403 624 35 529 83 267 998 
411 736 493 8 339 379 981 589 480 683 830 992 22 810 457 301 535 102 472 304 671 320 716 769 869 880 34 520 336 66 837 0 119 541 423 904 798 753 349 837 843 242 603 92 48 64 88 886 585 204 750 666 59 438 119 823 193 95 857 73 177 476 71 647 16 845 551 166 597 251 354 439 492 956 883 540 19 970 777 955 526 878 620 584 668 91 406 212 185 615 284 361 442 354 8 809 198 910 974 795 160 679 585 652 987 819 543 5 789 319 312 666 548 931 249 215 21 7 426 205 973 710 918 414 63 277 222 613 186 548 407 345 226 343 348 212 162 242 569 302 912 232 967 460 162 215 674 535 573 452 91 545 161 8 310 575 636 532 187 821 431 945 518 8 288 217 572 449 459 492 102 370 723 68 829 884 634 855 770 207 306 861 103 818 220 413 392 856 296 931 676 726 227 193 85 866 410 656 666 220 147 767 589 869 834 770 105 820 624 874 26 281 734 128 98 954 540 841 809 835 123 836 912 350 381 997 567 142 4 233 361 151 999 301 371 185 70 475 4 693 701 381 973 786 508 422 739 400 263 899 586 737 87 850 86 467 198 5 960 201 237 672 703 587 972 426 771 42 252 126 86 952 506 59 738 366 832 828 765 94 79 702 831 165 551 268 983 100 272 294 653 860 965 707 447 936 132 569 977 384 
75 572 369 123 970 155 65 80 139 615 27 203 830 539 845 129 24 597 665 517 604 598 961 856 281 669 520 645 48 83 683 119 0 47 63 335 552 473 424 269 304 604 385 750 682 87 932 198 989 551 532 441 175 825 93 34 789 799 832 724 931 753 53 666 799 467 1000 702 939 776 971 594 379 355 343 412 793 274 609 134 825 140 574 999 964 666 384 104 816 568 827 746 320 231 411 470 697 763 171 987 890 493 581 268 200 275 679 344 549 639 477 725 778 50 75 93 67 458 196 883 25 374 980 696 605 743 165 653 505 688 640 746 532 220 13 731 846 43 75 746 681 903 470 810 953 896 902 371 706 449 605 82 822 585 778 426 327 294 431 183 981 70 928 513 641 292 595 486 686 21 232 718 924 53 527 228 949 780 950 654 228 555 735 401 139 864 827 817 158 609 999 490 678 278 354 318 569 301 155 254 321 738 971 596 791 849 823 91 628 773 744 207 327 830 607 817 46 785 633 203 393 983 44 70 260 398 739 828 50 246 433 370 983 755 966 125 603 140 215 582 912 310 788 590 492 746 758 537 531 390 91 923 372 134 345 983 883 435 162 932 32 594 654 367 348 619 491 302 110 58 883 22 367 22 963 858 768 721 394 298 462 484 572 186 970 268 168 852 55 330 136 86 275 789 452 975 759 295 276 868 
91 875 250 14 617 494 238 549 998 781 204 711 281 20 80 108 960 532 340 994 608 510 807 337 663 499 957 259 840 404 652 541 47 0 352 159 241 718 180 556 928 299 628 673 948 89 509 520 626 478 139 146 681 193 827 168 631 101 956 434 427 66 728 703 934 79 861 526 149 392 81 76 691 708 748 638 149 256 509 126 85 1000 271 766 192 449 933 174 902 241 608 328 306 335 30 591 414 242 469 562 986 901 637 28 961 736 17 109 992 878 586 428 877 209 193 68 657 478 242 910 70 849 238 727 535 619 318 948 861 138 861 198 38 849 225 998 585 241 458 928 470 44 355 346 252 900 766 260 729 359 170 798 559 407 524 93 377 193 393 237 330 253 786 720 454 10 717 390 603 175 317 72 570 23 770 821 274 535 432 2 893 601 799 451 359 323 895 736 515 287 324 197 892 462 916 345 471 632 734 425 158 402 849 727 776 618 899 50 504 331 51 396 283 850 198 994 524 92 729 38 379 404 586 622 865 501 966 688 485 51 464 642 452 312 721 227 281 971 276 784 653 679 179 936 528 728 929 51 820 9 440 550 764 26 171 629 878 488 668 362 538 131 356 989 443 428 567 723 398 195 859 51 873 389 986 400 117 266 802 288 274 593 837 37 970 359 17 848 846 684 561 735 167 916 75 609 695 641 683 93 
