0 827 860 389 837 548 675 657 27 541 260 892 118 934 73 435 908 362 105 505 124 853 933 997 830 460 513 581 373 646 673 968 825 884 357 13 783 383 22 809 923 633 700 392 567 125 826 826 838 930 330 961 134 615 958 315 74 822 895 799 819 919 766 995 155 474 360 937 856 381 746 778 365 797 521 931 921 346 109 758 627 438 71 760 52 380 74 478 553 320 628 371 591 393 718 745 219 77 681 74 809 778 204 173 575 724 456 847 422 564 957 48 353 379 160 757 758 585 234 310 257 213 32 847 605 749 943 175 177 623 249 985 753 804 510 679 527 965 525 948 880 833 348 232 211 507 988 968 91 573 629 699 785 661 545 742 761 839 916 938 814 516 922 566 319 431 244 198 747 120 497 626 953 844 210 515 702 197 835 145 122 463 843 258 475 740 999 236 578 267 173 391 782 446 956 101 229 551 650 327 671 146 953 623 990 514 137 43 710 971 187 183 786 30 441 260 121 439 847 698 57 371 89 839 817 396 291 397 947 940 723 617 85 27 591 426 540 79 821 602 402 7 784 187 388 224 798 508 15 645 206 71 367 646 261 183 41 903 931 339 842 6 307 279 384 897 56 924 976 876 877 729 235 12 915 622 588 64 130 602 60 687 24 427 684 637 961 76 539 892 415 733 249 721 11 632 970 418 907 945 
827 0 646 783 673 880 795 939 853 382 354 334 335 766 20 710 192 703 346 504 779 885 747 545 969 995 265 331 627 234 748 533 530 745 668 554 624 462 844 477 195 198 810 529 963 182 238 506 236 936 9 366 172 108 910 140 102 527 470 80 112 569 613 642 314 632 547 937 93 391 765 639 940 927 167 254 108 756 111 343 691 471 709 214 578 970 353 32 496 174 111 608 743 75 601 408 706 147 696 150 889 461 788 180 387 306 785 846 62 247 540 104 718 600 318 647 570 22 678 417 196 789 24 290 215 976 697 921 475 392 70 363 204 210 895 942 515 31 787 576 278 679 32 995 278 349 641 847 722 671 264 917 811 639 558 25 615 254 945 89 998 367 803 201 928 49 143 442 80 929 370 357 607 401 703 237 101 695 435 822 365 698 91 175 689 1000 200 655 254 496 743 603 214 897 803 141 946 945 583 377 226 952 85 184 704 787 420 156 833 855 977 198 904 419 724 944 419 275 598 24 771 692 626 336 589 428 477 886 725 411 262 302 714 346 485 417 484 257 924 316 463 252 865 718 671 589 662 441 863 611 816 985 303 793 321 891 572 149 776 296 559 389 949 624 86 434 392 921 42 315 236 856 566 453 573 588 41 586 28 255 197 195 240 499 987 912 741 559 60 868 206 970 608 155 593 693 588 984 965 981 
860 646 0 298 200 836 863 4 760 451 44 698 830 651 246 25 890 96 11 153 188 921 212 55 127 533 662 281 125 706 220 108 670 200 757 221 387 619 225 498 421 620 547 603 270 144 627 511 239 989 15 426 910 226 832 388 758 845 668 234 550 887 341 571 438 449 144 824 420 368 673 840 339 220 794 961 363 420 823 954 761 838 731 22 415 563 409 525 407 76 758 309 314 451 879 751 899 22 926 318 741 598 510 80 169 303 392 532 75 214 837 835 403 567 208 818 129 968 342 888 395 451 196 708 901 74 458 152 448 383 821 188 980 330 619 501 985 10 32 59 576 220 245 330 786 452 147 267 771 840 154 165 643 349 872 895 774 329 46 221 63 867 761 394 548 379 894 532 741 277 590 668 496 186 997 634 637 496 900 407 687 405 923 329 753 794 576 878 474 621 451 536 839 211 282 387 941 175 918 681 452 860 700 299 45 49 932 34 544 831 792 582 235 715 263 339 508 838 569 982 458 19 869 297 581 150 35 521 325 952 554 128 163 253 778 208 301 710 241 196 892 32 778 479 746 40 169 606 229 737 939 686 107 807 334 687 309 368 208 985 672 113 112 834 365 889 393 18 950 633 213 842 17 342 320 762 733 840 719 961 577 657 999 35 464 332 722 772 52 281 756 75 393 219 260 109 459 653 478 409 
389 783 298 0 637 43 602 653 384 273 767 469 112 485 429 40 494 427 75 957 111 148 80 514 428 187 940 172 757 551 632 567 555 462 975 192 504 928 196 239 200 962 707 664 799 136 703 292 914 777 600 376 276 31 241 55 569 532 226 325 83 210 891 637 671 218 180 526 145 376 764 697 689 471 360 487 958 62 130 871 191 729 599 466 111 191 521 679 723 98 355 157 659 246 793 681 815 325 206 311 700 970 7 388 440 718 227 397 132 356 619 322 437 569 139 899 760 11 578 482 461 932 638 119 529 782 152 343 106 357 654 157 678 12 897 117 730 123 865 861 830 836 534 618 404 24 517 515 35 446 348 495 377 985 965 258 119 116 600 576 825 605 733 502 617 981 971 346 455 835 558 284 22 91 254 426 114 122 940 500 567 288 346 295 624 663 552 94 778 504 670 954 108 754 456 724 734 778 421 188 964 978 823 986 420 428 763 886 901 702 385 819 341 83 114 317 745 17 410 874 520 431 828 980 536 635 55 621 764 476 160 727 805 335 712 225 762 474 462 15 528 198 833 220 280 298 536 24 315 298 898 186 728 77 517 616 63 572 236 826 47 396 552 203 82 264 427 195 89 240 209 616 438 42 836 717 339 723 93 5 20 990 191 100 418 59 715 480 630 302 657 28 49 208 231 130 823 657 325 264 
837 673 200 637 0 897 533 231 334 574 66 402 265 141 494 269 160 835 811 611 604 870 325 435 499 979 91 527 27 651 109 509 825 765 833 88 13 717 319 698 643 736 452 907 876 945 527 388 132 338 998 735 559 675 170 409 653 260 287 31 262 395 539 87 512 723 526 876 440 844 926 82 580 377 340 807 673 866 194 804 555 192 539 465 866 60 874 870 671 512 900 933 259 439 371 770 513 896 997 952 740 922 385 671 650 724 829 323 590 23 126 496 566 16 961 431 427 186 300 98 49 551 382 307 341 752 428 854 647 425 805 738 346 190 760 996 265 589 670 206 963 147 702 528 515 14 310 941 551 961 38 599 511 771 906 204 874 333 57 873 109 213 610 807 754 722 802 19 662 823 224 976 969 277 503 483 290 164 424 192 124 813 791 986 936 48 189 809 380 597 681 489 810 643 295 563 364 448 581 377 622 157 352 590 433 206 73 75 369 848 266 844 12 408 829 947 455 370 756 187 966 436 27 775 430 673 690 793 120 622 521 93 130 872 682 563 77 106 989 797 305 606 640 317 14 821 263 820 542 370 6 507 158 32 634 587 704 675 732 175 296 252 267 426 476 949 340 904 406 680 701 711 285 692 379 650 864 993 470 405 363 827 264 872 859 249 458 562 923 541 89 218 793 355 995 620 655 686 523 413 
548 880 836 43 897 0 365 223 123 2 267 501 3 130 493 824 887 207 651 150 78 509 398 888 422 320 428 510 889 572 217 236 191 223 921 714 635 286 288 109 287 906 961 641 388 806 465 274 12 115 423 442 975 172 329 396 491 108 258 731 32 826 966 222 48 887 287 35 524 927 143 162 184 104 802 571 909 266 844 272 380 266 713 354 789 393 102 279 853 711 362 884 536 327 457 935 565 744 321 88 22 464 249 205 919 51 776 179 316 619 802 48 237 867 401 25 259 854 656 463 564 369 346 451 695 803 738 612 898 58 699 271 873 300 475 143 702 602 321 369 573 475 416 161 341 169 537 951 22 192 414 938 560 759 740 607 913 477 570 162 887 620 432 759 919 907 902 972 860 574 341 432 48 108 592 740 276 129 691 650 672 104 587 584 214 678 542 479 155 111 640 41 730 72 151 1 330 52 972 189 978 312 973 377 420 564 117 47 44 159 696 716 262 634 651 827 312 192 305 818 302 945 210 31 368 360 383 49 412 355 589 741 18 561 469 789 477 585 836 520 743 883 587 356 869 237 183 532 428 839 349 81 783 558 112 502 269 494 550 32 200 139 772 218 51 241 358 527 177 545 399 920 428 985 627 648 574 161 179 1 1000 879 82 782 788 545 636 56 390 185 88 590 675 859 159 726 451 516 604 628 
675 795 863 602 533 365 0 413 2 899 840 987 877 839 560 38 17 912 37 247 345 170 34 241 805 89 631 342 528 572 368 739 82 93 189 597 697 168 361 50 66 552 36 295 390 947 332 758 211 368 4 907 537 389 148 694 478 778 35 357 701 402 95 782 847 284 730 895 803 91 944 221 642 332 515 32 630 846 789 192 213 145 99 101 533 246 794 362 375 180 719 75 934 813 208 780 448 937 26 251 27 321 471 669 652 985 52 634 182 192 825 394 336 275 846 869 872 640 230 246 171 300 672 104 465 879 235 912 168 260 514 194 581 336 214 584 672 617 569 853 809 746 598 144 20 444 364 892 435 594 489 605 245 513 61 709 743 295 973 910 555 486 456 487 822 21 422 845 638 991 698 446 736 647 941 755 90 305 998 876 250 839 833 494 703 893 203 445 187 175 707 93 12 514 579 185 534 1 30 171 991 79 968 78 725 909 184 815 213 182 42 814 372 874 307 74 118 861 870 305 387 576 749 399 441 328 935 975 680 964 497 22 42 817 99 119 725 282 933 289 815 326 102 186 552 760 611 669 621 481 325 359 408 74 757 849 753 44 175 432 359 671 453 753 487 903 871 563 536 155 851 351 480 304 888 31 64 499 52 36 331 376 394 738 449 503 586 201 546 112 984 904 783 788 8 621 690 878 536 226 
657 939 4 653 231 223 413 0 32 738 576 864 42 815 894 457 313 945 492 643 673 885 733 121 739 670 674 284 782 657 540 916 445 547 536 486 777 71 711 808 809 638 671 202 453 917 658 117 213 501 112 885 737 844 358 476 865 383 111 646 39 650 561 835 549 449 321 677 871 383 836 31 21 859 232 825 775 241 941 339 741 404 576 830 599 933 305 464 667 415 109 705 417 22 892 317 470 212 345 340 594 180 371 966 38 954 790 812 195 83 503 287 486 78 116 437 362 772 900 28 539 360 84 307 381 975 975 202 538 319 542 484 498 264 449 536 217 591 699 763 673 201 50 510 630 517 298 343 641 197 722 179 909 806 485 289 132 459 491 22 129 384 857 626 647 305 161 863 247 212 626 271 412 27 781 394 895 430 736 535 979 458 713 887 615 549 527 98 359 369 119 487 752 975 465 750 632 625 965 878 836 590 149 600 968 281 993 862 62 80 397 40 889 461 926 503 362 453 601 720 821 71 559 925 398 23 674 381 999 638 258 187 579 758 786 898 390 130 760 452 561 508 491 450 320 769 304 681 221 256 753 393 327 663 669 76 685 343 456 35 332 65 221 263 823 358 160 564 487 271 15 400 130 858 849 450 626 152 482 198 408 586 590 86 248 259 161 284 953 616 319 284 680 539 898 854 897 58 418 735 
27 853 760 384 334 123 2 32 0 328 784 134 458 993 334 259 618 486 740 815 245 678 757 330 925 367 490 209 671 457 879 306 488 769 204 342 17 261 111 752 940 246 237 397 239 571 7 856 408 747 23 652 424 131 333 700 849 822 260 519 630 138 824 117 907 27 810 923 639 920 26 579 166 615 327 404 537 334 611 296 432 985 947 207 467 279 906 315 452 166 833 81 655 9 549 561 387 359 836 26 278 213 956 795 179 282 550 67 967 513 362 398 497 308 604 964 938 510 278 741 27 463 173 681 471 722 594 209 80 781 586 709 345 541 856 524 175 405 590 141 917 304 891 766 611 494 81 901 355 710 641 733 172 166 414 994 887 359 203 318 491 788 378 835 681 233 710 855 990 652 347 906 955 237 23 917 83 455 817 789 165 810 522 688 975 287 682 213 997 236 882 487 375 259 673 407 492 383 613 481 386 960 738 340 548 113 608 982 567 777 771 731 938 644 419 912 930 452 476 926 39 357 764 765 615 436 172 458 170 784 938 555 95 28 246 643 140 854 976 706 630 746 437 567 389 207 830 670 658 305 595 48 13 710 812 979 146 335 437 315 119 374 870 565 401 115 559 892 320 535 598 949 632 34 867 21 592 696 690 249 352 637 648 716 346 459 695 843 146 131 158 616 856 379 180 609 845 91 500 165 
541 382 451 273 574 2 899 738 328 0 625 97 465 256 482 332 628 73 379 318 673 83 306 320 798 3 131 492 846 628 974 3 243 830 733 422 790 577 512 289 93 488 738 558 96 571 241 723 644 619 392 668 53 697 988 851 52 470 694 897 97 668 251 691 849 335 464 638 911 328 278 4 815 367 913 910 938 505 985 581 123 376 248 528 425 587 378 476 408 423 724 856 442 326 546 642 660 10 631 570 337 909 925 503 275 189 413 212 693 749 144 168 124 744 695 900 682 424 375 90 846 450 297 288 775 843 281 434 204 912 4 540 820 280 42 446 469 806 10 513 554 505 680 30 248 374 929 282 149 656 371 995 105 667 634 880 861 914 313 64 825 668 955 996 300 997 794 120 154 803 632 60 659 312 89 907 37 369 540 186 24 910 532 129 928 517 360 141 430 672 204 607 692 159 954 991 507 747 110 660 901 741 71 560 404 511 818 793 880 357 330 903 618 861 383 897 729 742 37 158 766 241 116 457 751 70 447 257 168 556 268 69 648 691 628 52 201 797 196 80 153 525 335 122 737 69 18 465 811 55 974 576 647 90 384 397 511 830 5 678 737 624 746 384 314 725 787 515 873 982 946 377 506 280 498 242 349 868 58 511 922 32 438 920 473 821 668 983 2 672 12 738 647 110 473 961 186 260 827 59 
260 354 44 767 66 267 840 576 784 625 0 241 772 435 747 404 285 340 104 152 398 614 425 429 51 344 253 223 11 235 224 34 598 313 680 707 785 992 893 44 818 951 285 942 737 383 345 373 722 448 876 471 413 300 251 815 995 503 37 357 89 612 390 687 924 422 393 60 413 285 104 583 587 740 524 676 122 220 400 195 667 276 18 431 575 268 245 570 123 633 926 211 244 668 897 519 89 642 578 853 278 681 787 217 772 310 244 893 881 643 440 547 918 809 329 493 76 573 414 550 205 691 761 448 710 9 318 150 2 896 3 280 928 789 848 700 451 91 944 331 733 383 230 651 191 558 495 619 483 260 168 687 302 280 487 12 641 156 161 642 51 515 273 979 656 120 678 458 562 621 788 295 356 369 297 898 279 143 868 761 754 388 799 55 19 637 418 659 793 579 653 195 445 925 173 100 397 202 557 958 175 697 604 882 65 252 779 695 746 999 455 499 386 606 554 404 594 971 63 386 901 715 933 346 991 457 797 387 659 354 697 185 50 652 66 466 904 196 161 649 194 967 500 931 924 53 335 518 375 749 255 628 815 187 973 157 644 769 896 654 474 592 838 875 595 903 693 498 450 853 499 644 171 998 574 95 402 260 612 128 360 218 755 526 405 79 683 48 200 578 53 673 169 890 900 763 144 592 613 593 
892 334 698 469 402 501 987 864 134 97 241 0 796 463 588 966 812 514 412 213 773 375 692 485 593 447 10 997 525 692 396 724 269 448 749 789 689 648 904 832 239 868 424 34 330 364 351 493 877 763 705 1 137 748 485 81 194 495 77 71 538 824 146 807 271 246 947 959 893 850 142 483 69 918 868 398 281 219 890 509 333 946 509 821 694 994 902 239 840 330 661 377 506 159 535 776 404 482 87 297 683 580 779 752 497 999 501 777 217 743 637 901 688 146 721 733 491 974 324 330 656 336 58 161 494 593 288 898 426 726 194 108 306 324 859 802 322 360 931 890 102 567 790 141 64 863 226 554 188 901 235 843 236 293 3 730 237 643 979 662 368 172 769 673 847 980 475 521 339 757 762 792 323 904 284 739 118 861 292 305 761 527 500 349 171 502 430 759 144 408 420 864 931 540 536 129 519 362 649 209 118 763 352 793 666 636 531 783 848 822 439 961 700 938 309 222 792 90 980 287 497 399 150 779 291 686 907 809 47 908 18 165 22 369 309 687 356 839 821 204 12 259 164 64 197 824 285 988 913 617 274 761 367 424 539 657 461 797 818 507 56 835 23 77 555 331 763 263 521 583 818 885 194 333 948 390 156 584 729 420 552 2 180 919 777 70 927 237 866 744 96 922 930 470 350 837 153 113 99 673 
118 335 830 112 265 3 877 42 458 465 772 796 0 47 268 909 240 600 208 981 755 144 709 174 695 63 705 965 839 774 892 428 639 987 523 912 917 344 262 105 496 726 555 521 124 822 429 716 421 637 696 175 132 757 700 178 819 404 143 657 177 386 436 167 724 958 431 640 654 44 96 149 769 650 669 244 471 450 959 891 438 655 417 569 411 116 746 229 871 240 237 47 625 673 566 349 982 996 340 635 39 436 136 159 437 804 402 908 605 361 150 42 367 567 610 129 34 708 709 905 947 297 303 572 321 868 272 303 215 611 289 605 398 424 763 835 580 517 94 184 229 243 226 947 809 187 75 195 894 135 99 841 431 753 764 752 621 35 406 187 997 46 144 747 822 258 581 401 774 674 936 354 916 513 300 77 700 726 271 945 860 721 137 643 473 900 746 445 286 503 632 635 548 775 381 369 32 313 121 158 986 57 511 253 921 811 681 620 536 951 917 748 23 53 742 496 305 487 940 942 341 923 928 888 49 308 609 433 620 81 590 957 489 452 562 410 262 242 381 150 545 297 249 567 702 990 414 358 828 354 651 168 628 579 407 677 886 367 109 858 448 50 166 936 501 79 345 115 673 726 616 217 374 864 135 75 205 901 784 32 254 435 551 233 13 957 909 250 676 369 459 123 418 977 58 919 55 755 385 727 
934 766 651 485 141 130 839 815 993 256 435 463 47 0 832 1000 295 205 215 430 632 419 330 415 802 935 201 352 167 565 660 428 815 335 796 625 809 214 601 867 484 656 973 868 382 804 867 677 360 433 458 991 851 139 758 652 425 310 355 591 875 366 18 41 53 166 665 861 379 266 727 862 921 51 81 654 854 299 330 566 731 139 556 933 277 665 936 701 327 642 644 201 7 13 241 59 178 905 920 556 170 998 769 442 49 201 96 254 499 777 819 581 916 727 513 544 743 800 245 69 441 240 269 448 252 861 858 430 766 777 337 287 775 458 81 175 658 176 428 509 952 599 441 219 325 306 763 67 105 7 136 546 246 756 345 849 969 202 278 86 979 967 372 105 424 804 631 433 979 58 293 283 656 734 501 332 391 263 399 495 621 886 392 866 993 736 67 961 290 344 398 620 662 122 724 437 925 354 870 904 763 514 186 771 599 38 102 989 301 852 484 921 89 227 139 434 315 205 746 604 900 144 223 562 265 298 998 189 651 219 444 765 733 981 535 331 19 989 672 319 192 155 591 281 733 729 66 47 285 811 650 185 954 224 746 570 521 95 759 171 314 202 288 46 535 174 728 553 162 399 223 354 905 813 986 638 894 403 36 178 213 38 362 519 261 459 88 782 554 198 304 867 400 591 264 286 765 343 838 278 
73 20 246 429 494 493 560 894 334 482 747 588 268 832 0 742 60 983 998 872 320 987 765 722 23 295 935 60 656 805 320 115 892 453 668 90 757 886 841 699 501 126 463 843 315 93 936 374 75 934 597 747 920 714 468 294 8 754 705 15 558 377 129 802 829 148 243 937 385 83 636 885 560 450 80 874 542 15 599 969 300 547 715 572 260 534 865 619 640 922 634 549 298 114 350 478 614 592 415 350 26 50 587 937 499 666 810 41 32 760 361 332 307 427 903 918 960 119 537 599 392 522 148 689 987 849 167 952 793 933 302 818 982 888 107 832 905 268 224 936 28 584 619 686 10 873 603 970 992 491 920 383 364 419 424 351 268 942 302 60 874 955 229 207 842 335 38 746 603 262 34 982 845 652 667 207 525 269 528 868 112 447 602 475 218 377 177 837 318 479 896 543 433 476 749 627 163 139 724 117 400 757 450 596 761 116 154 637 736 681 504 847 480 457 674 697 834 850 533 503 680 780 46 113 607 146 91 769 284 814 237 35 923 686 983 35 153 136 671 889 817 526 87 296 982 760 344 815 962 876 670 641 655 715 105 613 212 195 382 496 361 970 882 635 8 864 669 160 1000 691 48 168 216 487 463 197 598 806 364 559 33 33 200 39 99 656 651 310 851 384 157 563 354 39 197 361 902 217 520 253 
435 710 25 40 269 824 38 457 259 332 404 966 909 1000 742 0 907 920 420 122 406 234 670 355 391 385 914 423 769 465 461 867 120 112 529 322 495 685 884 200 75 432 560 329 648 432 933 906 703 353 27 108 938 49 814 329 785 727 103 554 543 916 772 15 27 652 336 873 337 572 425 763 3 336 443 3 767 376 908 469 728 287 928 17 335 742 345 119 820 800 24 715 715 796 729 93 447 416 965 135 987 741 250 990 77 692 344 195 67 251 664 794 537 943 163 223 36 507 694 208 658 717 922 372 512 2 464 311 417 781 445 404 521 694 745 597 386 88 792 452 690 807 598 227 101 760 801 137 618 494 696 628 211 617 999 722 618 463 384 386 595 829 789 115 874 885 64 611 972 855 415 14 13 12 240 113 123 392 601 92 886 296 719 96 264 70 169 233 884 553 619 478 733 759 592 606 644 655 217 967 861 631 980 873 994 571 338 468 963 938 911 848 586 982 295 849 51 463 434 934 367 52 411 99 810 2 57 805 9 625 772 869 607 103 94 952 674 783 419 636 720 329 835 657 662 481 506 712 295 939 645 662 342 407 112 503 761 520 308 769 144 431 989 102 533 434 53 206 216 823 193 288 504 379 944 165 859 801 877 154 91 873 167 432 280 278 287 40 150 594 160 645 376 148 747 908 934 799 466 149 
908 192 890 494 160 887 17 313 618 628 285 812 240 295 60 907 0 974 10 436 477 741 732 641 599 532 869 104 623 742 270 406 373 900 692 412 49 637 923 693 12 422 791 272 355 942 737 856 915 98 291 391 838 374 383 789 906 252 892 880 345 162 637 717 413 329 480 461 965 402 505 329 823 296 600 178 237 688 33 151 785 675 893 623 401 275 411 658 878 654 537 222 815 173 938 227 853 769 39 170 170 544 498 993 191 97 522 427 784 906 929 920 932 173 894 332 799 656 989 677 310 877 250 476 50 540 55 254 308 93 423 478 988 272 822 178 368 343 956 503 600 884 775 531 56 668 863 207 324 851 883 633 728 132 460 129 23 514 382 331 607 157 808 594 428 981 124 148 323 79 2 922 315 776 452 370 444 666 576 119 517 810 103 596 294 562 724 316 76 457 646 34 613 805 979 393 785 102 540 459 181 541 732 495 669 536 216 112 201 144 230 69 305 332 664 598 245 739 266 320 196 911 705 160 68 684 552 852 785 443 311 317 336 42 163 4 577 731 467 130 226 696 198 530 379 862 128 975 600 745 295 147 655 999 307 722 34 210 926 171 5 236 487 340 629 2 695 558 732 161 687 957 208 884 838 586 97 317 560 697 61 206 843 716 557 501 789 590 63 66 760 67 301 599 406 282 952 100 839 35 
362 703 96 427 835 207 912 945 486 73 340 514 600 205 983 920 974 0 260 877 991 467 112 180 404 209 497 315 257 557 873 451 624 429 952 765 370 14 830 482 80 483 432 837 764 383 288 954 417 899 182 759 717 293 938 120 501 434 786 757 343 658 560 318 86 511 82 808 876 912 289 307 746 720 143 861 102 782 166 870 680 347 628 396 639 565 515 492 351 652 600 45 310 159 362 747 21 444 554 896 707 194 554 452 265 696 312 718 477 477 587 508 175 214 903 813 131 769 656 481 421 256 877 730 766 238 476 787 681 382 34 739 927 588 190 192 635 853 909 464 681 496 971 855 61 874 20 191 642 27 23 62 282 899 143 400 137 971 186 169 704 571 908 630 158 449 821 145 302 82 608 334 577 930 189 637 803 560 180 797 586 202 210 868 453 353 619 589 675 156 109 378 726 16 7 236 817 180 380 118 261 339 451 189 268 991 177 423 550 356 219 136 910 780 355 362 132 973 302 806 128 410 535 205 778 542 792 594 73 523 63 333 861 865 873 481 208 49 903 757 757 473 244 666 252 598 379 736 922 32 893 401 793 428 606 570 321 749 515 393 272 929 77 132 146 949 964 353 349 866 461 105 690 705 122 294 302 852 29 576 883 273 976 676 700 933 597 20 682 112 412 953 392 840 436 537 788 400 241 137 
105 346 11 75 811 651 37 492 740 379 104 412 208 215 998 420 10 260 0 617 702 593 659 406 715 952 59 566 332 634 801 604 962 476 656 246 72 27 927 535 791 231 279 630 19 167 418 770 408 906 386 109 498 396 866 212 347 276 130 30 910 930 634 223 757 641 468 180 667 747 67 457 329 345 87 347 511 856 468 270 761 206 378 258 601 595 822 948 871 303 977 132 584 962 354 340 602 173 871 621 271 937 77 600 633 515 298 496 722 766 765 482 971 495 92 571 89 265 870 959 567 199 442 502 160 795 193 114 320 63 734 590 352 162 541 984 29 839 479 750 956 596 584 278 90 27 200 530 291 70 841 209 620 282 710 779 429 902 244 748 316 977 689 667 491 230 651 519 420 481 620 375 428 555 652 517 581 203 399 223 624 239 783 243 520 492 22 300 745 617 399 61 594 88 79 436 669 81 306 88 914 925 814 341 832 465 210 764 19 608 987 643 846 769 885 717 613 258 17 709 875 767 121 820 206 200 255 874 632 912 961 545 188 774 886 19 590 95 783 961 702 121 603 899 889 839 615 853 97 983 562 323 102 34 142 307 233 748 181 865 659 493 761 198 619 646 217 560 92 351 520 793 471 474 43 711 313 10 916 409 992 477 83 445 862 224 752 95 323 284 311 333 128 71 530 746 69 98 658 160 
505 504 153 957 611 150 247 643 815 318 152 213 981 430 872 122 436 877 617 0 448 529 305 270 355 699 981 667 708 248 427 52 724 509 496 937 84 247 31 406 882 693 738 10 116 619 107 536 717 116 47 516 645 351 786 999 402 118 17 109 365 443 160 440 303 656 376 386 254 759 791 136 803 880 145 270 498 603 805 566 719 852 82 715 554 219 65 955 336 81 416 52 875 575 843 177 230 218 562 484 328 352 971 131 583 467 752 80 69 557 998 139 760 79 853 665 649 917 972 336 349 387 387 223 961 581 399 543 798 960 378 478 663 348 960 245 166 711 677 234 619 26 725 730 104 577 747 104 846 718 439 194 456 177 417 768 757 815 662 906 127 39 383 789 738 694 386 903 405 414 489 375 439 213 457 894 141 203 997 986 272 435 532 727 611 948 846 367 114 508 272 240 898 7 381 636 700 766 890 456 179 730 183 969 294 639 862 435 841 858 772 112 292 303 190 254 602 387 620 68 246 243 659 144 601 39 131 653 156 372 108 686 102 642 654 747 280 515 533 472 372 305 935 15 959 476 268 913 863 239 980 108 834 638 603 434 29 85 86 184 457 546 870 910 187 523 656 819 390 189 290 761 845 225 776 155 700 43 67 914 634 398 22 467 36 976 900 416 61 338 599 869 235 820 778 773 343 785 591 732 
124 779 188 111 604 78 345 673 245 673 398 773 755 632 320 406 477 991 702 448 0 325 233 844 169 457 971 676 508 366 742 422 999 492 795 465 879 122 716 294 182 53 892 402 639 712 179 412 406 316 354 489 992 586 684 161 394 655 188 254 20 929 675 18 420 821 834 298 942 549 943 124 954 835 877 592 898 408 355 655 723 61 495 714 998 178 226 392 832 413 645 203 694 671 572 465 491 405 115 432 306 57 907 259 243 136 202 492 543 557 146 265 969 640 330 966 170 908 709 353 320 353 556 365 375 479 830 217 236 296 1 541 704 259 799 947 394 352 790 936 260 936 552 228 927 882 194 448 789 902 801 460 607 708 177 333 186 358 550 421 653 550 961 356 160 111 654 554 815 444 489 74 731 393 302 9 274 847 457 414 100 257 225 58 316 401 391 501 758 292 274 410 841 586 118 352 697 123 905 863 566 746 936 648 138 589 657 763 787 465 528 887 73 752 944 388 153 686 888 262 977 513 672 169 99 141 521 147 263 425 9 181 522 944 828 659 885 484 773 671 300 300 909 372 52 205 759 556 890 999 817 867 511 840 35 609 980 555 107 595 332 115 775 853 411 602 864 295 438 636 317 737 288 578 109 691 782 867 246 671 217 414 889 728 254 276 688 585 830 795 179 513 261 953 718 671 907 581 317 344 
853 885 921 148 870 509 170 885 678 83 614 375 144 419 987 234 741 467 593 529 325 0 568 634 432 855 211 540 897 344 759 142 366 327 556 255 406 161 530 94 745 711 240 276 576 500 228 293 523 486 225 839 829 792 824 613 999 386 152 895 729 262 389 95 941 296 701 346 456 230 791 552 292 30 827 867 882 407 159 756 892 383 946 73 527 770 685 877 507 188 771 588 802 511 34 742 806 734 87 613 315 878 517 606 259 343 825 492 749 983 247 993 718 193 65 596 314 749 472 820 288 594 407 89 105 792 830 262 525 269 875 191 146 391 149 404 85 973 896 186 307 142 178 24 686 594 619 999 694 442 819 981 36 577 422 140 369 251 401 245 519 627 436 16 369 584 420 806 556 667 991 214 160 520 590 846 113 560 196 158 2 14 138 37 943 911 528 311 162 280 907 32 907 342 48 627 925 819 432 832 837 774 398 996 293 987 193 757 546 389 266 899 754 756 935 696 666 462 358 179 742 265 211 1000 958 258 978 235 428 410 418 264 535 815 611 180 153 804 288 699 544 554 597 649 309 884 345 326 345 54 505 438 670 715 789 628 324 767 862 103 528 631 366 62 446 976 241 598 131 881 648 674 434 597 675 94 480 19 419 176 424 923 614 446 989 754 73 664 520 286 766 47 916 483 461 713 459 53 311 941 
933 747 212 80 325 398 34 733 757 306 425 692 709 330 765 670 732 112 659 305 233 568 0 933 310 967 366 906 641 811 385 11 582 561 786 856 526 231 845 279 655 860 151 292 626 549 208 108 9 272 918 62 582 211 994 244 177 712 149 817 874 534 179 455 446 964 311 971 547 507 601 201 366 103 493 991 652 52 451 660 323 720 73 257 930 67 500 106 130 648 274 3 533 804 810 978 768 120 300 314 626 253 866 991 355 358 334 6 409 136 666 732 855 90 340 785 156 839 890 637 486 516 992 19 319 801 348 438 920 648 751 897 252 617 239 606 326 924 612 735 59 629 818 914 718 157 698 226 347 939 214 184 806 205 554 125 5 902 562 276 901 665 524 152 281 763 757 958 38 720 692 97 700 861 362 418 369 59 995 715 349 208 899 155 413 452 631 769 705 192 397 605 856 272 108 488 34 217 446 424 936 489 520 636 350 881 405 70 291 399 785 991 606 35 497 370 838 127 491 895 319 887 851 526 158 959 14 544 175 459 967 110 299 838 97 648 718 501 70 360 899 206 702 857 240 199 226 429 325 716 323 643 954 174 169 112 484 534 7 658 344 973 119 642 162 568 642 231 68 711 590 319 916 291 175 507 489 400 287 166 468 610 808 421 135 328 884 970 861 890 979 556 214 97 198 375 664 191 605 84 
997 545 55 514 435 888 241 121 330 320 429 485 174 415 722 355 641 180 406 270 844 634 933 0 901 546 402 168 189 576 26 29 327 312 194 794 273 354 567 407 681 450 728 894 692 706 801 905 803 998 632 818 540 588 901 792 134 654 959 674 229 984 702 908 648 896 53 920 601 619 679 281 421 406 526 112 112 327 16 266 676 647 83 216 587 336 7 720 989 318 393 570 653 446 477 300 693 881 220 293 500 898 574 920 655 451 31 766 129 398 383 805 397 818 372 983 153 378 54 493 47 798 414 700 243 242 351 936 123 570 228 622 819 153 893 474 956 275 591 84 24 974 240 420 791 611 754 295 341 807 139 387 956 553 438 199 146 789 486 268 710 65 241 529 570 485 354 525 759 296 960 783 621 200 554 763 162 660 409 502 466 548 889 774 452 678 972 597 466 809 217 176 873 457 56 794 942 761 318 52 408 630 186 29 181 740 143 342 399 552 844 216 99 84 989 902 761 312 498 579 120 714 106 345 523 513 138 816 273 808 867 32 437 53 60 617 144 555 958 894 106 153 109 556 588 450 457 349 113 306 279 233 372 384 929 894 896 66 61 520 225 927 551 661 979 963 629 474 517 939 367 622 443 828 529 31 277 985 379 389 642 9 973 13 392 253 258 639 319 318 158 895 597 60 908 927 22 536 401 890 
830 969 127 428 499 422 805 739 925 798 51 593 695 802 23 391 599 404 715 355 169 432 310 901 0 826 767 863 269 594 391 299 222 375 29 963 369 37 935 733 780 188 343 418 858 12 927 752 608 986 659 535 360 547 287 249 724 405 112 992 999 502 642 572 229 22 534 949 58 821 681 189 8 23 958 217 35 884 320 642 222 331 528 933 229 166 181 952 571 644 944 921 146 937 492 726 959 378 674 368 198 354 557 557 729 514 773 763 750 92 756 323 774 636 255 2 801 787 954 371 431 249 291 928 185 135 653 143 512 678 863 709 31 419 265 111 284 37 873 385 480 981 59 254 616 665 255 768 452 560 139 882 808 781 809 345 915 813 487 778 490 701 486 872 119 102 983 755 490 207 491 970 187 550 575 154 214 181 922 665 741 412 898 900 192 58 244 459 870 83 236 711 783 74 583 254 175 917 8 665 123 498 986 662 399 912 815 613 444 88 629 536 499 879 436 43 936 679 501 158 113 88 220 896 161 802 149 688 70 508 704 193 357 689 854 756 952 668 720 395 108 700 931 606 930 366 648 866 396 500 375 509 588 946 756 100 100 904 787 169 763 842 361 119 530 566 226 833 586 945 228 693 997 158 298 926 875 946 143 622 797 869 130 384 815 237 836 914 492 974 82 254 816 443 725 345 360 950 178 945 
460 995 533 187 979 320 89 670 367 3 344 447 63 935 295 385 532 209 952 699 457 855 967 546 826 0 247 757 637 243 266 935 168 140 232 311 761 28 179 243 764 345 831 599 258 323 572 340 576 387 134 652 84 493 602 613 790 848 721 426 90 986 712 609 125 295 271 237 675 802 479 438 146 310 388 404 984 311 95 911 698 580 563 133 424 164 97 213 363 817 991 804 802 702 412 278 349 683 514 23 484 345 812 981 6 199 736 989 509 830 899 558 761 813 690 185 976 138 749 690 954 739 493 755 793 905 384 141 939 898 163 774 242 974 754 247 524 490 587 32 671 837 590 432 650 631 968 625 769 716 667 722 455 159 829 599 63 212 739 353 461 253 126 702 226 232 300 749 73 886 132 95 75 721 526 724 352 845 700 472 561 366 545 367 525 725 317 939 289 55 292 749 307 769 803 884 1000 102 632 424 340 763 519 414 836 396 137 539 241 188 362 153 554 906 871 78 631 187 16 919 593 659 19 899 428 821 782 779 275 765 203 614 879 73 379 66 468 867 604 60 54 965 564 607 223 434 36 853 972 404 123 564 62 141 462 489 962 595 620 588 711 174 553 590 246 931 655 65 149 611 125 554 927 688 513 149 474 548 353 445 951 827 9 365 320 822 205 633 417 824 220 127 997 772 68 594 702 75 659 202 
513 265 662 940 91 428 631 674 490 131 253 10 705 201 935 914 869 497 59 981 971 211 366 402 767 247 0 685 783 107 963 822 619 112 295 519 816 740 821 643 748 185 962 921 390 594 689 565 165 168 562 936 235 507 989 309 165 190 345 299 296 308 121 267 771 415 137 586 506 957 580 605 494 893 526 235 838 214 799 2 381 712 937 968 219 925 276 735 466 621 34 114 280 154 732 50 920 868 987 426 176 919 30 669 163 555 903 353 121 54 354 501 765 643 468 335 919 96 70 737 68 103 850 347 608 581 748 527 800 86 304 975 4 334 644 519 240 898 871 360 951 576 213 68 570 32 402 489 127 823 577 546 277 778 244 884 710 343 763 509 429 66 483 784 751 478 302 991 728 172 350 678 100 914 97 669 946 851 157 424 673 85 322 950 862 565 185 571 908 947 79 688 365 914 471 115 391 125 457 118 648 807 148 747 72 596 416 17 446 924 793 119 9 114 420 870 30 956 793 937 255 871 624 619 136 447 85 527 571 542 996 218 700 495 965 771 91 380 140 536 655 932 6 663 397 777 885 426 733 677 715 987 899 338 957 35 136 41 913 706 934 908 924 633 755 240 756 845 971 895 732 625 178 90 288 926 866 524 351 950 200 65 936 450 755 244 484 890 637 396 948 570 656 223 555 762 462 310 606 432 
581 331 281 172 527 510 342 284 209 492 223 997 965 352 60 423 104 315 566 667 676 540 906 168 863 757 685 0 556 689 56 733 778 695 10 644 218 360 593 769 777 881 571 883 476 54 124 112 802 71 682 809 293 236 570 754 545 527 537 452 215 593 536 993 639 545 988 209 256 932 329 384 164 899 266 640 305 390 751 106 460 432 266 105 19 187 210 915 713 747 366 279 339 901 271 329 797 610 537 53 542 218 436 705 116 54 344 772 443 447 877 254 230 494 710 249 680 920 515 744 666 233 23 356 485 645 684 282 255 573 686 148 790 473 204 257 526 548 29 320 346 257 926 575 103 635 175 782 554 690 878 219 922 900 926 758 896 610 39 150 534 724 649 675 197 853 283 74 752 311 394 97 920 319 671 22 953 846 155 859 887 32 429 160 283 355 917 179 316 308 680 849 31 329 875 579 181 157 653 284 820 398 380 739 716 402 112 20 599 618 230 485 650 659 996 284 13 913 462 328 220 142 528 602 822 402 533 354 558 537 637 729 934 16 467 1 417 930 372 16 548 602 852 549 260 848 184 624 112 646 303 683 139 830 284 312 583 168 665 492 704 653 221 989 668 39 989 436 969 713 803 868 314 655 768 925 854 951 900 965 948 202 647 438 383 282 101 317 450 117 808 505 769 28 494 436 67 834 224 387 
373 627 125 757 27 889 528 782 671 846 11 525 839 167 656 769 623 257 332 708 508 897 641 189 269 637 783 556 0 546 26 606 211 32 725 487 885 27 738 849 327 939 847 116 673 129 217 989 930 333 797 434 102 176 279 889 594 113 464 980 10 490 937 573 521 661 59 758 688 797 606 14 87 805 129 112 285 697 100 214 382 248 999 835 776 278 723 369 742 539 701 751 28 637 323 900 650 734 657 337 882 615 702 968 771 182 431 55 879 531 620 612 130 618 446 905 895 520 274 988 58 974 739 437 962 413 337 611 146 345 299 379 311 352 699 433 534 129 487 764 659 106 375 141 724 820 45 970 339 670 958 749 995 48 185 957 812 873 919 310 570 218 688 880 569 386 313 454 515 151 217 525 257 943 665 332 114 62 653 805 731 962 553 78 361 737 34 173 610 952 482 179 521 169 410 90 555 74 895 421 225 112 945 833 406 962 516 520 23 520 324 105 482 228 182 842 964 567 14 925 871 847 455 391 16 217 832 922 290 727 342 866 190 638 698 595 951 565 466 973 85 141 430 918 368 611 111 684 530 477 960 400 323 415 790 338 631 974 611 272 700 304 138 241 942 187 187 892 104 5 217 188 145 646 457 865 608 567 900 137 43 859 536 366 625 678 55 607 651 18 879 702 321 16 294 614 554 480 506 657 
646 234 706 551 651 572 572 657 457 628 235 692 774 565 805 465 742 557 634 248 366 344 811 576 594 243 107 689 546 0 484 74 196 981 71 652 197 30 219 96 167 613 954 54 978 931 83 385 537 85 402 415 138 722 782 431 336 688 263 193 344 98 618 540 430 40 543 626 69 113 721 587 726 27 993 55 957 75 439 493 512 192 260 649 266 393 432 953 80 694 497 424 791 114 315 221 505 857 198 573 970 919 160 47 297 152 101 605 578 892 449 89 435 708 90 700 101 521 652 180 214 500 955 356 965 269 928 469 478 126 42 799 396 553 845 692 56 297 648 633 540 96 74 975 804 163 674 256 683 678 787 896 529 94 603 494 362 531 962 191 656 355 341 403 907 537 94 962 186 741 947 725 188 20 699 343 534 725 598 216 754 737 463 282 830 65 775 543 595 89 86 602 443 426 4 702 315 449 15 500 541 961 224 729 332 923 71 865 999 21 432 752 109 894 33 938 311 808 832 257 896 917 859 690 695 214 391 9 15 406 508 555 718 83 635 402 357 58 618 355 430 50 106 538 295 491 827 605 650 658 862 545 927 72 586 973 637 977 981 651 734 840 558 803 274 544 556 631 601 174 337 382 575 795 919 869 285 97 474 934 755 687 830 33 110 415 5 746 743 337 749 828 528 658 983 801 201 538 431 154 
673 748 220 632 109 217 368 540 879 974 224 396 892 660 320 461 270 873 801 427 742 759 385 26 391 266 963 56 26 484 0 63 768 535 637 562 454 858 198 550 683 131 656 369 312 40 830 78 396 575 821 732 675 1000 259 332 334 412 533 224 842 686 286 961 220 275 874 25 132 71 927 166 553 934 534 864 974 363 942 721 289 114 453 964 465 63 295 799 474 179 22 668 216 659 980 436 285 854 812 768 276 90 933 829 24 818 44 349 532 985 69 173 450 873 136 915 288 782 713 113 313 86 780 528 96 760 315 381 965 127 500 240 216 433 420 591 602 464 939 134 448 360 306 250 584 793 164 871 926 228 984 238 665 763 766 760 874 80 492 190 558 992 430 774 776 849 716 377 664 7 862 112 366 167 361 949 311 876 820 237 103 155 474 767 917 239 878 143 671 722 332 228 65 113 353 840 314 69 568 977 75 430 440 792 948 152 92 259 379 911 495 481 65 968 599 334 559 829 828 229 550 511 808 614 976 161 805 289 581 372 617 655 153 409 798 101 912 889 359 291 152 205 123 568 172 74 901 82 902 80 310 803 591 470 416 566 630 572 206 210 943 174 216 448 934 365 548 846 253 258 136 404 462 610 972 985 683 224 67 584 656 728 386 598 197 153 163 178 724 720 739 19 245 306 466 179 670 365 24 923 
968 533 108 567 509 236 739 916 306 3 34 724 428 428 115 867 406 451 604 52 422 142 11 29 299 935 822 733 606 74 63 0 974 511 678 787 120 1 771 803 577 189 738 232 269 476 829 817 628 343 995 352 414 733 722 658 39 539 188 708 903 563 982 228 425 660 14 545 12 784 699 588 325 788 171 593 263 351 409 891 693 755 594 458 840 315 468 878 205 655 937 459 570 271 686 994 282 699 538 293 834 588 233 158 728 403 102 990 754 863 880 798 617 825 256 456 491 75 685 695 81 974 153 650 244 190 644 877 888 533 169 74 473 401 583 200 156 685 189 909 547 421 706 515 245 313 971 88 739 7 134 820 980 287 469 575 828 112 451 716 997 972 789 469 724 371 668 879 407 856 787 305 276 845 820 873 509 142 312 248 148 445 67 480 83 887 406 911 351 857 626 347 180 766 815 903 488 482 782 247 689 920 551 317 116 722 189 625 215 500 224 715 296 642 194 379 528 951 289 230 159 266 576 338 383 390 241 870 223 374 468 912 645 371 228 761 92 768 737 659 619 960 373 914 601 918 292 480 868 580 710 27 197 637 716 579 379 956 801 601 681 268 512 678 638 91 438 82 858 174 740 476 485 464 390 437 381 33 916 600 965 977 626 161 614 342 740 992 649 540 944 682 807 808 359 797 898 796 878 756 
825 530 670 555 825 191 82 445 488 243 598 269 639 815 892 120 373 624 962 724 999 366 582 327 222 168 619 778 211 196 768 974 0 321 969 583 805 432 972 241 164 357 508 763 321 837 389 481 802 82 220 145 82 111 88 763 270 895 121 66 793 268 295 900 940 263 482 96 46 806 688 209 162 548 323 834 384 63 314 185 144 886 681 226 996 768 340 265 15 813 682 807 80 976 58 372 590 539 467 987 696 507 195 857 54 870 42 437 932 356 973 76 593 653 653 940 772 992 205 786 804 238 944 236 214 1 959 155 540 777 142 587 283 688 444 336 557 485 124 489 192 96 916 784 100 568 724 872 911 280 9 67 869 953 302 82 953 612 237 844 388 730 431 671 417 226 358 974 62 482 814 606 929 729 741 381 296 816 604 558 447 612 624 316 564 277 397 869 888 985 64 628 66 494 298 483 71 655 808 485 488 621 90 769 349 830 149 996 646 752 553 92 363 529 759 279 805 156 147 45 492 210 672 558 56 969 392 478 975 199 962 815 171 51 583 519 233 731 866 230 834 770 673 196 298 432 826 103 939 324 147 782 534 818 691 941 138 82 418 464 632 380 278 802 782 212 320 366 942 537 595 775 307 268 323 604 51 148 706 989 472 204 770 357 373 461 649 862 894 418 326 526 149 955 327 931 167 999 296 460 
884 745 200 462 765 223 93 547 769 830 313 448 987 335 453 112 900 429 476 509 492 327 561 312 375 140 112 695 32 981 535 511 321 0 535 243 235 193 510 909 797 912 408 854 900 231 58 21 939 782 833 587 644 727 5 969 604 153 275 930 435 441 280 83 901 815 325 487 7 186 395 155 97 154 9 348 385 418 368 323 551 553 262 194 631 618 514 234 770 789 163 557 581 443 639 481 609 963 319 967 148 65 122 596 219 482 943 955 899 662 629 449 214 890 995 844 507 508 77 629 648 592 537 229 386 175 61 994 489 732 312 988 796 433 583 366 266 525 320 164 538 949 965 104 838 311 299 697 818 376 677 818 319 213 398 704 387 458 49 875 541 360 214 337 145 796 702 410 672 22 926 209 322 242 664 511 552 963 207 721 690 235 538 8 447 287 63 185 97 111 411 637 822 624 973 318 419 27 728 442 400 5 651 721 246 314 583 149 276 142 869 317 376 759 324 823 397 386 7 493 848 418 130 22 41 454 339 812 480 418 253 879 422 255 951 19 921 534 167 548 675 388 865 402 498 188 224 894 926 583 387 125 352 868 146 744 321 485 555 153 902 160 383 324 414 686 694 686 571 861 234 597 600 98 998 449 637 574 342 914 156 80 39 507 947 184 602 620 668 157 124 922 668 506 245 433 191 290 119 761 
